2,00458,398,151,424,180,0.98986953
2,00458,341,133,355,151,0.96331656
2,00458,460,34,476,56,0.950259
2,00458,305,119,318,136,0.9366256
2,00458,348,120,362,136,0.92399055
2,00458,290,136,301,151,0.90725887
2,00458,366,138,375,150,0.65575117
2,00161,316,150,329,164,0.6459262
2,00411,322,118,336,134,0.9758992
2,00411,367,387,376,398,0.9518772
2,00134,423,159,437,176,0.96417314
2,00301,661,120,672,134,0.8904223
2,00513,432,186,467,228,0.9951644
2,00513,512,161,539,193,0.9931781
2,00513,537,344,598,420,0.9928912
2,00484,558,320,627,405,0.9982546
2,00484,404,131,419,148,0.983727
2,00484,330,137,345,156,0.9750846
2,00484,393,157,415,183,0.96039736
2,00484,328,160,350,187,0.94661385
2,00484,538,308,575,355,0.5574321
2,00412,321,119,334,133,0.9080704
2,00147,16,113,29,130,0.7674272
2,00273,690,112,701,126,0.6540563
2,00529,640,262,688,326,0.99645823
2,00529,706,407,719,429,0.81175554
2,00529,17,113,29,129,0.65500224
2,00275,433,9,442,21,0.6007608
2,00461,404,157,432,191,0.99496645
2,00461,300,139,314,156,0.9746122
2,00461,343,135,357,151,0.9696624
2,00461,347,123,360,138,0.7319983
2,00461,304,125,315,138,0.70480597
2,00461,349,117,358,127,0.54841375
2,00410,322,117,335,132,0.9371295
2,00288,671,132,684,147,0.71898514
2,00506,421,250,463,304,0.996183
2,00506,390,165,421,198,0.991318
2,00506,549,260,588,309,0.9912316
2,00506,471,142,494,171,0.98983383
2,00260,16,112,29,128,0.56345713
2,00398,176,290,191,308,0.7603197
2,00398,672,133,685,148,0.7475768
2,00422,324,118,338,136,0.99116606
2,00422,289,121,301,135,0.82049406
2,00422,283,113,292,124,0.74342656
2,00309,672,133,684,147,0.5376151
2,00499,367,213,399,251,0.9925299
2,00499,422,139,442,162,0.9893504
2,00499,483,204,514,243,0.98780024
2,00499,359,154,382,178,0.98320067
2,00302,374,370,394,392,0.8935892
2,00302,181,292,195,309,0.545387
2,00455,390,145,413,172,0.9870042
2,00455,298,117,313,135,0.9867959
2,00455,344,116,355,129,0.9676771
2,00455,334,128,346,143,0.8566737
2,00455,284,135,298,152,0.8142255
2,00252,367,386,375,395,0.5653537
2,00334,461,37,475,55,0.65156156
2,00263,672,132,683,145,0.82508576
2,00263,369,386,377,396,0.70245963
2,00263,159,272,172,287,0.63792443
2,00340,16,113,29,130,0.6563795
2,00419,322,118,335,135,0.99105763
2,00419,281,112,291,123,0.5568813
2,00478,484,242,535,305,0.99768984
2,00478,312,124,328,145,0.9857751
2,00478,378,153,396,175,0.98009044
2,00478,387,124,403,143,0.9715037
2,00478,317,148,337,172,0.9670264
2,00372,580,286,592,300,0.5260815
2,00372,673,132,684,146,0.50633746
2,00140,371,185,400,218,0.79769284
2,00140,438,168,456,188,0.6471078
2,00140,422,201,452,237,0.60361224
2,00140,369,173,392,198,0.50706935
2,00497,421,137,441,160,0.9924413
2,00497,455,192,486,229,0.9899525
2,00497,352,148,375,174,0.9846896
2,00497,375,200,404,234,0.97307444
2,00110,561,233,611,293,0.9763248
2,00428,326,120,340,139,0.98953116
2,00428,289,115,300,127,0.6141419
2,00409,320,118,331,130,0.89334166
2,00409,461,33,478,55,0.70171773
2,00213,660,120,672,134,0.5492013
2,00444,355,130,375,153,0.9835675
2,00444,316,126,328,141,0.91427875
2,00444,282,130,297,147,0.9090571
2,00444,178,288,195,307,0.84451073
2,00444,272,117,282,128,0.8038661
2,00444,347,118,357,130,0.79384947
2,00444,344,114,353,125,0.6356704
2,00444,332,135,344,149,0.53341246
2,00530,667,269,714,332,0.98672116
2,00326,367,386,376,396,0.6955642
2,00326,17,112,30,129,0.6432093
2,00326,660,122,671,134,0.52415955
2,00488,413,159,435,185,0.98480856
2,00488,398,130,414,149,0.97528505
2,00488,348,163,372,190,0.97021735
2,00488,338,138,357,163,0.9671687
2,00121,451,234,500,286,0.96716857
2,00121,598,245,622,272,0.90625185
2,00121,577,260,591,277,0.7594394
2,00403,277,107,292,125,0.63476104
2,00403,310,116,324,131,0.5647325
2,00315,460,34,476,56,0.51865333
2,00308,17,113,29,129,0.6165962
2,00154,432,150,445,169,0.65507394
2,00154,15,113,28,129,0.63694763
2,00439,342,129,359,150,0.9912862
2,00439,281,123,294,138,0.9555045
2,00439,317,124,328,137,0.9270733
2,00439,16,113,29,130,0.7240652
2,00469,433,181,469,224,0.9904907
2,00469,290,121,306,140,0.9855649
2,00469,344,136,360,156,0.9772131
2,00469,357,122,368,136,0.95511687
2,00469,302,147,317,162,0.6681299
2,00469,221,293,235,311,0.5023183
2,00477,488,240,537,301,0.99785775
2,00477,309,124,326,145,0.98855746
2,00477,378,148,395,170,0.9656303
2,00477,382,124,395,141,0.94993496
2,00477,317,152,337,175,0.9384536
2,00494,348,140,369,164,0.99077964
2,00494,411,134,431,156,0.9866332
2,00494,439,185,466,216,0.98596245
2,00494,362,186,393,222,0.9542882
2,00195,685,116,702,140,0.59625417
2,00516,448,205,487,253,0.9961404
2,00516,549,169,581,207,0.990194
2,00521,516,261,563,321,0.9955479
2,00521,567,198,604,242,0.99403954
2,00492,336,134,356,158,0.9920002
2,00492,409,134,425,154,0.9899592
2,00492,428,176,454,208,0.9835422
2,00492,661,119,673,134,0.60214317
2,00486,626,367,703,460,0.9961557
2,00486,413,156,433,180,0.98196054
2,00486,400,134,416,152,0.91538346
2,00486,327,137,348,157,0.88763756
2,00486,336,161,355,184,0.61206293
2,00508,470,267,518,322,0.9968124
2,00508,571,258,614,313,0.99503183
2,00508,398,175,429,210,0.9929162
2,00508,474,144,500,175,0.99246264
2,00508,15,115,26,128,0.50044256
2,00408,316,118,328,132,0.76446456
2,00291,16,112,29,128,0.57630515
2,00515,440,198,479,245,0.996497
2,00515,532,169,563,203,0.99238706
2,00515,578,391,644,471,0.98560566
2,00122,582,249,613,283,0.99077165
2,00122,459,228,503,277,0.97808856
2,00115,493,283,557,337,0.79593414
2,00452,374,140,396,165,0.9918243
2,00452,296,118,309,135,0.9889464
2,00452,335,130,348,146,0.968376
2,00452,347,114,374,144,0.7517216
2,00452,17,113,30,129,0.6194073
2,00473,458,195,498,246,0.99672544
2,00473,299,125,314,144,0.977985
2,00473,372,123,385,140,0.9724601
2,00473,354,144,372,164,0.9688938
2,00473,321,143,338,163,0.9612083
2,00473,460,34,476,57,0.6822422
2,00487,412,161,434,190,0.988171
2,00487,395,131,413,150,0.9813968
2,00487,652,374,714,475,0.977792
2,00487,333,137,351,157,0.9754461
2,00487,340,170,363,196,0.9346535
2,00487,541,177,555,195,0.725067
2,00367,16,112,27,127,0.69522464
2,00367,287,108,297,120,0.56994647
2,00479,488,252,541,318,0.9978776
2,00479,311,129,328,150,0.99356586
2,00479,383,155,400,176,0.98128533
2,00479,398,123,413,141,0.9623295
2,00479,313,157,332,176,0.63479096
2,00466,418,169,450,206,0.9938671
2,00466,301,120,316,140,0.98371255
2,00466,348,136,364,155,0.9625222
2,00466,342,123,355,138,0.85969603
2,00466,288,143,302,159,0.8090651
2,00351,18,112,30,127,0.58100677
2,00113,531,206,578,263,0.91306096
2,00113,514,314,573,379,0.6529367
2,00397,459,34,476,58,0.5932564
2,00421,325,118,339,135,0.98963225
2,00421,286,111,296,123,0.8859661
2,00421,282,109,291,119,0.7544141
2,00133,420,164,433,179,0.8953399
2,00133,414,189,445,218,0.8138839
2,00230,541,176,554,193,0.619876
2,00129,503,199,519,219,0.87369037
2,00129,413,194,449,230,0.75951433
2,00436,337,124,354,143,0.92427653
2,00436,16,113,30,131,0.60567707
2,00119,464,247,515,298,0.9419538
2,00265,463,36,476,54,0.5230011
2,00416,328,117,341,132,0.7769331
2,00416,280,119,291,132,0.5435675
2,00498,467,192,497,228,0.9931866
2,00498,374,198,404,235,0.98798347
2,00498,418,136,436,157,0.9845418
2,00498,354,148,374,169,0.97869384
2,00463,402,161,430,193,0.99467576
2,00463,351,121,363,136,0.9718882
2,00463,343,137,356,152,0.95419276
2,00463,300,138,314,155,0.9496999
2,00463,303,123,316,138,0.92495006
2,00163,309,138,324,156,0.72338146
2,00417,327,121,340,137,0.9704506
2,00274,672,133,683,146,0.50377846
2,00187,15,112,26,128,0.7168862
2,00526,618,350,678,427,0.99657744
2,00526,602,231,647,287,0.99645245
2,00526,598,363,616,388,0.5011645
2,00471,459,185,497,231,0.9955883
2,00471,301,121,316,141,0.9866263
2,00471,354,140,369,159,0.98191446
2,00471,356,122,369,137,0.9032406
2,00471,523,330,537,347,0.85456234
2,00471,311,148,325,162,0.66354537
2,00255,460,35,475,55,0.594195
2,00111,557,221,606,280,0.9592037
2,00418,322,119,336,135,0.8766552
2,00418,317,359,330,374,0.65464365
2,00239,181,292,196,309,0.8808122
2,00239,432,8,444,24,0.82153535
2,00474,462,206,506,259,0.996599
2,00474,374,124,389,142,0.9783327
2,00474,359,143,376,164,0.9758455
2,00474,297,123,314,144,0.9729303
2,00474,316,149,332,167,0.95721084
2,00474,16,111,28,127,0.58684945
2,00175,15,114,29,131,0.5009154
2,00522,570,195,607,241,0.9930213
2,00522,533,284,583,350,0.99261993
2,00109,579,244,626,300,0.9531248
2,00109,611,358,637,385,0.61527324
2,00404,314,117,325,129,0.7718968
2,00141,348,171,369,193,0.88133794
2,00141,439,161,491,231,0.86619866
2,00514,436,202,473,246,0.99461246
2,00514,559,378,621,455,0.9936667
2,00514,519,160,548,194,0.9902131
2,00514,503,369,524,395,0.54236346
2,00131,391,186,424,219,0.8557137
2,00490,341,135,361,158,0.98533833
2,00490,428,168,451,196,0.9827309
2,00490,414,131,431,150,0.9764217
2,00490,354,177,384,207,0.6301496
2,00318,460,34,476,56,0.84719706
2,00264,374,370,394,393,0.85620224
2,00431,330,122,346,142,0.94986236
2,00413,322,118,334,133,0.97975975
2,00413,281,109,290,121,0.6899552
2,00170,331,299,350,323,0.66269356
2,00523,570,300,625,370,0.99534804
2,00523,564,210,604,260,0.9912514
2,00424,318,119,332,135,0.9773646
2,00424,283,112,293,125,0.91165775
2,00424,16,113,31,131,0.68631244
2,00517,470,223,510,273,0.99246067
2,00517,554,172,587,209,0.9893021
2,00142,338,165,359,189,0.65675455
2,00426,322,120,337,138,0.9875668
2,00426,286,112,297,127,0.9554146
2,00426,16,113,29,129,0.64392626
2,00524,591,297,649,374,0.9963032
2,00524,560,214,600,264,0.9934371
2,00132,403,185,433,213,0.683262
2,00132,493,200,504,213,0.67309856
2,00190,16,113,29,129,0.75832516
2,00472,462,198,502,247,0.9959181
2,00472,354,140,369,159,0.9803531
2,00472,302,120,317,139,0.9670796
2,00472,318,144,334,162,0.9403763
2,00472,363,124,376,140,0.93981636
2,00472,459,34,476,57,0.79071206
2,00472,375,142,386,156,0.5790766
2,00511,498,310,551,377,0.99780554
2,00511,408,184,440,223,0.99467295
2,00511,649,309,691,367,0.987904
2,00511,505,149,533,183,0.9863966
2,00511,591,62,606,80,0.5818804
2,00382,459,35,476,58,0.7063345
2,00289,463,38,475,54,0.51050645
2,00296,459,34,476,57,0.60695356
2,00528,638,256,684,313,0.9962561
2,00269,15,114,28,129,0.848876
2,00269,672,134,684,148,0.74337184
2,00443,354,128,372,149,0.9873146
2,00443,317,124,329,138,0.9366373
2,00443,271,115,283,129,0.8599199
2,00443,284,132,295,145,0.81673265
2,00303,672,133,684,147,0.6702441
2,00520,505,257,552,318,0.997352
2,00520,551,190,586,231,0.99321306
2,00284,375,370,393,391,0.5247892
2,00152,16,113,30,130,0.63974607
2,00143,335,166,353,187,0.72403085
2,00531,660,121,670,133,0.6128237
2,00483,553,322,615,400,0.99808264
2,00483,386,153,406,177,0.9794718
2,00483,328,153,349,176,0.97419804
2,00483,397,130,412,148,0.9651814
2,00483,328,135,341,151,0.79827857
2,00483,530,308,563,353,0.5430383
2,00475,483,216,526,272,0.99662375
2,00475,299,122,316,143,0.9729917
2,00475,369,147,386,168,0.96971524
2,00475,313,145,331,167,0.96340895
2,00475,377,126,390,142,0.92630243
2,00475,17,112,29,128,0.5388035
2,00423,321,121,334,137,0.9647029
2,00423,283,112,292,124,0.84125686
2,00423,294,125,306,141,0.5707239
2,00460,409,151,436,181,0.9930039
2,00460,307,122,319,137,0.9789625
2,00460,342,133,354,149,0.9555531
2,00460,346,119,355,130,0.81769073
2,00460,296,136,308,149,0.71531075
2,00460,292,135,301,147,0.5341393
2,00138,464,181,479,197,0.93381983
2,00138,393,191,444,249,0.6863086
2,00138,367,200,404,247,0.65866464
2,00118,486,257,538,307,0.7156864
2,00184,282,120,355,221,0.5344258
2,00184,15,115,26,128,0.5228026
2,00429,323,121,338,139,0.986047
2,00429,631,116,644,132,0.65691113
2,00429,17,113,30,129,0.5430011
2,00359,278,274,290,288,0.62163776
2,00236,16,112,29,129,0.690608
2,00454,386,140,410,167,0.9880993
2,00454,333,131,345,146,0.94268036
2,00454,343,115,354,128,0.92955786
2,00454,281,136,294,151,0.9196367
2,00454,299,120,312,136,0.8846848
2,00454,15,112,29,129,0.7019787
2,00454,371,112,380,123,0.63162404
2,00454,354,139,364,151,0.5046595
2,00480,511,270,565,339,0.9977016
2,00480,309,129,325,147,0.99131876
2,00480,387,157,407,179,0.98715115
2,00480,398,127,413,145,0.97750676
2,00480,312,154,328,173,0.8016203
2,00525,605,329,665,404,0.99636286
2,00525,574,219,615,269,0.9961473
2,00525,433,9,442,20,0.54042935
2,00470,449,180,486,225,0.9956145
2,00470,348,141,363,160,0.9704114
2,00470,356,122,369,138,0.96652067
2,00470,297,125,309,139,0.83943623
2,00470,303,148,320,163,0.72032154
2,00501,499,217,532,255,0.992262
2,00501,439,137,461,162,0.9910875
2,00501,364,222,400,264,0.98864657
2,00501,374,155,397,181,0.91444236
2,00456,389,145,413,173,0.9782401
2,00456,302,118,315,135,0.9721593
2,00456,348,118,361,134,0.9694735
2,00456,289,137,301,151,0.89199334
2,00456,336,134,347,146,0.8724033
2,00502,498,227,533,270,0.993111
2,00502,382,228,419,274,0.991903
2,00502,441,144,461,168,0.98447675
2,00502,375,164,399,191,0.97433686
2,00385,375,370,393,391,0.60978115
2,00481,536,275,592,346,0.99778134
2,00481,313,128,330,148,0.99107844
2,00481,396,129,411,146,0.97255534
2,00481,390,153,408,175,0.96961355
2,00459,408,150,434,179,0.99217063
2,00459,306,118,319,135,0.9851282
2,00459,338,133,352,150,0.9704592
2,00459,660,120,669,130,0.8882499
2,00459,291,138,301,150,0.7029584
2,00459,343,117,352,127,0.6913829
2,00459,352,135,365,150,0.5493452
2,00459,672,134,681,144,0.5273048
2,00130,402,200,432,234,0.9040247
2,00130,489,203,507,226,0.83648616
2,00432,337,121,353,139,0.97957295
2,00432,292,116,303,129,0.934821
2,00432,326,116,337,128,0.63448286
2,00438,345,123,363,146,0.99036586
2,00438,316,123,328,138,0.9452011
2,00438,279,126,290,139,0.903535
2,00518,487,221,529,274,0.99546707
2,00518,546,183,581,225,0.99425054
2,00434,338,124,355,144,0.9878749
2,00434,312,123,323,136,0.7202255
2,00503,398,222,436,269,0.99571395
2,00503,512,227,547,271,0.99058515
2,00503,438,141,462,168,0.9897036
2,00503,372,166,396,192,0.98645824
2,00393,660,119,671,132,0.52816474
2,00401,671,132,684,148,0.8279533
2,00465,418,162,450,199,0.99482876
2,00465,303,119,318,137,0.98229295
2,00465,344,135,359,154,0.947764
2,00465,290,139,302,155,0.8895084
2,00465,341,122,353,137,0.7620097
2,00465,342,117,351,127,0.6065316
2,00512,513,341,569,410,0.997235
2,00512,424,182,456,222,0.9933396
2,00512,510,155,540,189,0.98975885
2,00512,664,326,711,389,0.98925626
2,00120,613,255,637,283,0.9418492
2,00120,455,239,496,285,0.93169147
2,00120,590,56,605,74,0.8940208
2,00457,391,145,416,174,0.9855613
2,00457,304,121,317,137,0.9472114
2,00457,351,117,362,130,0.93845594
2,00457,340,130,354,147,0.9369319
2,00457,293,132,303,145,0.53364486
2,00414,323,118,337,133,0.911071
2,00414,282,111,294,125,0.6763593
2,00357,459,34,477,57,0.956167
2,00476,490,220,537,279,0.9972224
2,00476,304,127,319,147,0.98767555
2,00476,376,145,394,166,0.9738304
2,00476,377,125,390,141,0.95930773
2,00476,314,152,333,174,0.9420106
2,00476,461,34,476,54,0.53662056
2,00267,671,132,685,148,0.79672325
2,00489,420,166,441,193,0.9840994
2,00489,341,132,360,156,0.9809629
2,00489,407,134,424,154,0.9683359
2,00489,351,174,377,202,0.9163348
2,00435,336,122,353,142,0.9849439
2,00435,309,123,320,136,0.904094
2,00451,333,134,344,148,0.94445395
2,00451,288,132,301,147,0.9386714
2,00451,296,119,305,130,0.92246217
2,00451,352,118,361,129,0.7857087
2,00451,704,122,719,150,0.66799176
2,00451,292,125,303,138,0.63803923
2,00127,406,209,444,248,0.82667494
2,00127,510,218,528,241,0.6054475
2,00449,280,119,295,136,0.96348774
2,00449,331,136,341,148,0.898439
2,00449,344,115,354,126,0.85592616
2,00449,356,136,367,149,0.70873517
2,00449,279,114,290,126,0.5337417
2,00360,15,112,28,129,0.7706211
2,00445,274,117,288,135,0.9883901
2,00445,352,130,372,154,0.9829778
2,00445,313,128,325,143,0.9283874
2,00445,288,135,299,148,0.81335324
2,00445,16,112,30,130,0.63884574
2,00442,346,130,364,151,0.9893566
2,00442,272,118,282,129,0.87961006
2,00442,316,125,328,139,0.8365711
2,00442,286,129,297,142,0.5987119
2,00442,16,113,29,128,0.5611879
2,00232,16,112,29,128,0.5984228
2,00420,322,122,336,138,0.9785257
2,00420,614,123,626,138,0.95141166
2,00144,184,295,197,311,0.73903596
2,00144,221,293,233,309,0.5791676
2,00144,15,115,28,131,0.5390517
2,00402,280,105,290,117,0.66205764
2,00402,310,115,322,130,0.636286
2,00151,390,157,404,173,0.8163217
2,00151,329,153,347,172,0.76481235
2,00295,672,134,681,144,0.50897723
2,00504,400,238,442,289,0.9964101
2,00504,526,244,564,290,0.9945569
2,00504,372,159,399,189,0.9900663
2,00504,446,142,467,167,0.9857584
2,00504,16,113,28,128,0.55906975
2,00136,412,204,468,269,0.8992396
2,00136,161,245,168,254,0.52321774
2,00371,181,291,196,309,0.6077064
2,00427,325,118,340,137,0.99202263
2,00427,288,113,298,125,0.77821654
2,00509,485,293,534,350,0.99599177
2,00509,395,173,425,209,0.994938
2,00509,598,280,644,338,0.9941658
2,00509,478,144,504,174,0.9870675
2,00441,339,127,356,148,0.99019194
2,00441,314,124,326,138,0.9064393
2,00441,279,115,289,127,0.83540946
2,00441,286,124,297,137,0.66986436
2,00321,16,112,29,128,0.6877344
2,00519,542,183,578,223,0.9945241
2,00519,501,239,545,294,0.9930988
2,00128,509,210,530,234,0.96044344
2,00128,430,202,453,230,0.85083497
2,00128,435,150,462,184,0.6577827
2,00128,662,120,674,134,0.6486191
2,00128,689,112,700,126,0.5825624
2,00128,395,243,429,281,0.5591801
2,00364,374,371,394,393,0.6486484
2,00505,406,245,447,296,0.99600595
2,00505,538,243,577,291,0.9956514
2,00505,378,168,404,198,0.9911295
2,00505,457,146,480,172,0.9871896
2,00505,449,378,464,396,0.8278249
2,00347,15,112,27,127,0.6340635
2,00383,158,265,171,281,0.5972437
2,00430,325,119,340,137,0.9851832
2,00430,17,112,30,129,0.6483529
2,00493,339,135,361,161,0.9868182
2,00493,431,173,457,206,0.98628354
2,00493,406,130,424,152,0.9836427
2,00323,16,112,30,129,0.5596382
2,00373,17,112,30,129,0.5754059
2,00201,460,34,476,56,0.76087785
2,00467,412,171,446,211,0.99534374
2,00467,347,136,362,154,0.98619545
2,00467,295,139,311,156,0.9742866
2,00467,351,127,364,141,0.7111937
2,00464,411,162,443,199,0.99017733
2,00464,306,122,319,139,0.9766524
2,00464,342,132,356,149,0.9588314
2,00464,292,139,306,156,0.9545038
2,00464,347,126,358,139,0.5949925
2,00464,354,136,368,153,0.56423765
2,00507,448,270,491,322,0.9967423
2,00507,556,260,598,314,0.9963805
2,00507,396,165,426,198,0.99276114
2,00507,473,142,500,173,0.9902711
2,00217,588,162,601,178,0.54554445
2,00157,179,289,194,306,0.7801844
2,00185,529,357,539,368,0.6477443
2,00185,17,112,29,127,0.5163103
2,00125,526,227,549,257,0.98317957
2,00125,545,247,561,267,0.84756017
2,00125,432,158,462,197,0.7884897
2,00125,461,36,475,55,0.56054246
2,00125,386,215,445,314,0.5228197
2,00117,492,180,535,229,0.8299195
2,00117,498,261,552,309,0.81892747
2,00468,419,173,452,211,0.9923671
2,00468,345,140,361,159,0.9760818
2,00468,290,120,304,138,0.97500074
2,00468,355,121,369,137,0.9736642
2,00468,462,35,477,55,0.9021911
2,00468,303,145,318,162,0.60154605
2,00447,363,136,383,160,0.9858598
2,00447,292,131,304,145,0.9570216
2,00447,322,132,333,145,0.91089165
2,00447,280,117,292,131,0.80708456
2,00447,352,124,364,139,0.66189104
2,00425,318,119,332,136,0.9853039
2,00425,283,112,291,123,0.62776595
2,00123,564,224,592,256,0.98128766
2,00123,448,217,491,263,0.9767274
2,00123,460,35,476,56,0.7494188
2,00124,547,225,572,253,0.9762246
2,00124,425,219,467,263,0.940487
2,00124,16,113,29,130,0.8183891
2,00124,418,213,487,320,0.75470036
2,00176,17,113,30,129,0.73732793
2,00176,672,131,685,147,0.6225501
2,00496,425,132,445,156,0.988184
2,00496,355,142,377,168,0.97727865
2,00496,366,191,398,230,0.9762809
2,00496,452,187,479,219,0.97033465
2,00496,462,36,475,53,0.55009496
2,00407,316,117,328,130,0.9455573
2,00214,15,113,29,131,0.6835694
2,00440,338,127,355,147,0.9896543
2,00440,281,115,291,127,0.8622846
2,00440,315,124,326,137,0.83452445
2,00440,351,113,361,125,0.7094252
2,00440,357,134,368,147,0.5701873
2,00126,516,214,538,242,0.95636356
2,00126,400,205,440,246,0.66398776
2,00180,17,112,30,128,0.5816842
2,00462,398,154,427,188,0.9932243
2,00462,344,132,358,149,0.9840896
2,00462,301,133,316,151,0.96423274
2,00462,354,118,363,129,0.90489554
2,00462,350,123,363,138,0.506084
2,00146,387,162,402,180,0.6338177
2,00366,460,34,477,55,0.7765306
2,00366,375,372,393,392,0.71678585
2,00366,433,11,444,24,0.50458884
2,00448,376,142,394,162,0.9870892
2,00448,326,133,337,147,0.97519696
2,00448,282,120,293,135,0.96406543
2,00448,354,134,368,150,0.69445425
2,00448,293,138,304,152,0.6524065
2,00448,289,127,300,142,0.54498786
2,00446,355,132,372,154,0.9875364
2,00446,280,115,291,130,0.95454746
2,00446,317,130,329,144,0.9510734
2,00446,291,130,303,144,0.8937693
2,00197,16,112,30,129,0.70828813
2,00174,672,134,681,144,0.7996423
2,00281,672,132,684,146,0.55496883
2,00500,495,205,528,245,0.995394
2,00500,434,141,452,164,0.9879523
2,00500,361,221,394,259,0.98672277
2,00500,369,158,391,183,0.9621999
2,00137,404,200,461,264,0.8629473
2,00495,447,182,474,215,0.9903668
2,00495,353,137,374,162,0.98545724
2,00495,423,135,442,155,0.98514634
2,00495,358,190,390,226,0.9596447
2,00485,582,345,654,435,0.9954853
2,00485,406,155,426,181,0.95803916
2,00485,407,130,420,147,0.9567652
2,00485,328,160,349,182,0.8965643
2,00485,15,113,29,131,0.6938485
2,00485,328,141,342,156,0.5797476
2,00450,287,117,298,129,0.8936882
2,00450,286,132,298,147,0.88971096
2,00450,331,134,342,147,0.8873187
2,00450,348,119,357,131,0.5342479
2,00114,510,194,554,248,0.61542803
2,00491,336,137,357,162,0.9938268
2,00491,427,168,453,200,0.98080266
2,00491,416,134,432,153,0.9699949
2,00491,580,284,592,300,0.85515064
2,00491,357,173,392,207,0.60046184
2,00527,627,231,672,287,0.9964843
2,00527,642,351,703,436,0.99296063
2,00510,491,297,544,364,0.99700373
2,00510,627,276,671,337,0.99693215
2,00510,399,171,431,210,0.9953003
2,00510,491,149,518,181,0.98517436
2,00453,380,139,403,167,0.9875494
2,00453,297,117,310,132,0.96587557
2,00453,336,131,348,146,0.9301823
2,00453,346,119,356,130,0.91953623
2,00453,357,136,368,149,0.79075295
2,00453,285,134,298,151,0.6011329
2,00437,343,124,361,145,0.97861415
2,00437,314,125,325,138,0.8857843
2,00437,276,117,284,127,0.7292084
2,00433,341,121,357,141,0.9883767
2,00433,318,122,330,136,0.85071653
2,00433,299,117,311,132,0.64196825
2,00482,549,294,607,369,0.9981225
2,00482,321,136,336,154,0.98413104
2,00482,387,155,407,179,0.9815677
2,00482,394,126,409,144,0.9617308
2,00482,325,160,345,183,0.93742955
4,00149,597,210,610,227,0.8002068
4,00149,354,128,374,153,0.72616607
4,00149,340,149,355,167,0.5530055
4,00458,406,150,431,180,0.9914995
4,00458,306,117,320,135,0.98577756
4,00458,344,118,359,136,0.9611307
4,00458,342,129,355,147,0.93171
4,00458,291,135,303,150,0.8869839
4,00161,309,138,325,156,0.97177315
4,00411,322,119,335,134,0.98305595
4,00411,300,118,311,130,0.9430322
4,00411,281,107,289,117,0.93050194
4,00411,340,113,350,124,0.5648509
4,00513,550,369,612,445,0.994635
4,00513,516,159,544,193,0.9946189
4,00513,437,195,475,243,0.978247
4,00513,111,81,127,101,0.51309323
4,00212,661,119,672,134,0.6518529
4,00183,339,125,352,140,0.816973
4,00168,350,135,367,157,0.79719347
4,00168,660,120,671,134,0.5190671
4,00484,573,332,643,420,0.9964232
4,00484,327,162,349,187,0.95929986
4,00484,402,157,424,184,0.9567126
4,00484,405,127,420,145,0.94560635
4,00484,330,136,347,155,0.9405309
4,00387,309,111,320,123,0.9475579
4,00387,37,221,52,240,0.67152387
4,00412,321,116,334,132,0.98603654
4,00412,281,106,291,119,0.9382393
4,00412,300,120,310,131,0.7181554
4,00412,310,119,321,132,0.52829057
4,00192,305,122,319,138,0.53701633
4,00251,672,135,680,144,0.5057658
4,00529,657,260,709,327,0.9958604
4,00529,700,98,712,114,0.793518
4,00461,398,153,428,190,0.9920574
4,00461,351,118,362,131,0.97201794
4,00461,344,133,356,149,0.9550889
4,00461,301,121,315,138,0.90141076
4,00461,302,133,315,148,0.86111194
4,00410,282,109,293,122,0.96861434
4,00410,337,109,348,123,0.96004367
4,00410,322,118,333,132,0.8353331
4,00410,315,116,324,128,0.53226763
4,00288,337,4,352,22,0.5272832
4,00506,471,140,498,169,0.99217916
4,00506,395,161,424,198,0.9825502
4,00506,553,266,594,313,0.98020524
4,00506,439,264,480,323,0.88991815
4,00316,638,113,650,128,0.81619966
4,00316,201,106,214,123,0.74699956
4,00392,266,104,274,114,0.85792905
4,00392,672,132,684,147,0.8557838
4,00392,311,113,322,125,0.5431136
4,00398,267,105,278,118,0.94349134
4,00398,312,115,324,127,0.7436095
4,00422,321,119,336,137,0.9873467
4,00422,296,113,308,127,0.8303008
4,00422,619,123,633,140,0.7254859
4,00422,290,124,299,135,0.64991623
4,00422,284,113,292,123,0.64568335
4,00422,290,116,301,129,0.6299233
4,00391,326,104,336,116,0.9018924
4,00391,267,105,277,117,0.8299724
4,00391,338,5,353,22,0.7805486
4,00499,490,206,523,243,0.99532026
4,00499,429,141,449,165,0.9895998
4,00499,365,158,388,185,0.9857065
4,00499,363,218,396,267,0.71645916
4,00210,638,113,647,124,0.5357246
4,00381,267,110,276,120,0.8001717
4,00455,389,148,413,175,0.9887334
4,00455,300,117,312,131,0.9830483
4,00455,346,117,359,133,0.97821665
4,00455,336,132,349,149,0.9437567
4,00455,286,135,300,151,0.86482614
4,00340,663,111,678,131,0.94017434
4,00419,322,118,336,135,0.99140733
4,00419,284,111,293,122,0.90174365
4,00419,290,117,301,130,0.78464705
4,00419,297,122,305,133,0.74645764
4,00478,311,127,328,147,0.9883908
4,00478,395,121,410,140,0.9799273
4,00478,380,152,399,174,0.9762657
4,00478,314,154,335,178,0.95496494
4,00478,486,249,538,316,0.8854076
4,00372,294,107,304,119,0.95316803
4,00372,315,104,326,117,0.8706168
4,00372,316,183,334,204,0.7322926
4,00299,158,247,170,262,0.69190013
4,00140,429,170,450,192,0.8701761
4,00497,461,190,493,228,0.99090624
4,00497,417,136,436,159,0.9886564
4,00497,351,144,375,171,0.98707205
4,00110,556,229,610,291,0.9518353
4,00225,578,48,593,67,0.7426269
4,00223,278,110,291,128,0.91701984
4,00428,324,121,339,139,0.97550225
4,00428,289,116,300,129,0.91655034
4,00428,313,111,325,125,0.8721041
4,00428,295,123,306,138,0.59090036
4,00409,322,116,334,131,0.9691195
4,00409,334,107,343,117,0.9668734
4,00409,285,106,293,116,0.95738846
4,00409,283,104,290,112,0.6802183
4,00409,278,113,288,126,0.60242647
4,00409,328,112,339,127,0.5698138
4,00215,337,4,352,21,0.6307074
4,00444,273,117,287,134,0.98887056
4,00444,353,132,373,156,0.9783941
4,00444,314,128,325,142,0.96587735
4,00444,349,119,360,132,0.90333146
4,00444,286,134,298,148,0.8935142
4,00406,285,105,296,118,0.95890737
4,00406,334,107,342,118,0.94261414
4,00406,314,117,325,131,0.92051804
4,00406,282,103,290,112,0.6957162
4,00530,638,114,648,125,0.60136443
4,00488,417,162,440,191,0.981939
4,00488,341,132,359,157,0.9798986
4,00488,403,132,419,151,0.95376563
4,00488,351,169,375,195,0.7890854
4,00121,583,247,616,283,0.98335385
4,00121,457,235,500,281,0.9397724
4,00377,310,103,320,114,0.5193449
4,00403,314,115,325,129,0.95035845
4,00403,332,106,340,116,0.94782394
4,00403,284,104,293,114,0.91772205
4,00315,190,105,205,124,0.750049
4,00154,395,145,405,158,0.95303994
4,00154,345,122,363,143,0.9329996
4,00439,338,128,355,148,0.9898357
4,00439,314,125,325,139,0.96002257
4,00439,283,125,295,138,0.9472254
4,00439,280,116,291,128,0.8639741
4,00469,446,181,483,227,0.9895328
4,00469,346,138,363,158,0.974568
4,00469,356,121,370,138,0.96969575
4,00469,291,123,309,145,0.96442056
4,00469,302,143,319,160,0.8298093
4,00469,661,122,672,135,0.69494516
4,00399,338,108,349,121,0.8952255
4,00399,312,115,323,128,0.88228464
4,00477,377,153,396,175,0.9824389
4,00477,317,148,338,172,0.96914476
4,00477,486,244,536,312,0.9686553
4,00477,310,122,328,143,0.96355194
4,00477,386,123,401,142,0.9628731
4,00494,351,135,374,163,0.9895517
4,00494,419,134,439,156,0.9843427
4,00494,444,182,471,216,0.9832062
4,00195,338,7,352,24,0.83288056
4,00516,553,167,585,206,0.97438705
4,00516,465,217,508,274,0.93280417
4,00516,585,178,604,202,0.7621589
4,00516,660,120,672,134,0.73298967
4,00516,614,134,622,145,0.5953864
4,00521,569,192,606,237,0.99253744
4,00521,528,260,577,337,0.9012654
4,00521,586,159,602,177,0.7585558
4,00492,337,133,359,159,0.9906853
4,00492,429,174,455,206,0.9895734
4,00492,404,130,425,153,0.98254514
4,00486,649,366,715,466,0.995152
4,00486,396,130,414,150,0.9795887
4,00486,413,159,434,185,0.9777459
4,00486,329,132,351,154,0.96068364
4,00486,337,169,358,194,0.95686024
4,00365,286,106,297,119,0.9292278
4,00508,587,273,634,332,0.9943171
4,00508,474,141,503,173,0.99101686
4,00508,394,172,428,215,0.7851394
4,00508,492,282,529,340,0.54629534
4,00408,286,105,297,118,0.9405026
4,00408,320,118,331,132,0.87824345
4,00408,333,107,341,116,0.7495411
4,00107,649,255,675,284,0.94233906
4,00515,545,169,577,207,0.9927377
4,00515,603,401,666,470,0.96816146
4,00515,449,197,487,248,0.9522997
4,00122,569,233,603,270,0.957227
4,00122,450,222,493,265,0.9519959
4,00389,272,104,284,119,0.9551265
4,00389,305,113,316,125,0.84479326
4,00389,269,101,277,111,0.6163199
4,00452,379,139,400,165,0.9885289
4,00452,299,117,311,131,0.9878796
4,00452,347,116,360,133,0.9876671
4,00452,285,135,296,148,0.94294274
4,00452,335,129,348,145,0.92867666
4,00452,339,8,353,24,0.6517541
4,00452,672,133,683,146,0.6143255
4,00405,332,106,341,117,0.9752578
4,00405,316,117,325,129,0.95422214
4,00405,285,105,294,115,0.9377122
4,00405,282,102,289,111,0.5843531
4,00405,320,113,332,128,0.5825863
4,00473,373,122,388,140,0.9856675
4,00473,295,124,312,144,0.98474425
4,00473,457,199,503,259,0.9846645
4,00473,355,143,374,164,0.97191644
4,00473,316,147,335,168,0.9446218
4,00487,411,159,434,188,0.98540395
4,00487,345,164,370,192,0.97615165
4,00487,397,129,412,147,0.97424567
4,00487,335,138,356,163,0.97345924
4,00487,660,119,673,135,0.77052325
4,00367,286,106,295,117,0.96052754
4,00479,308,127,326,149,0.9921997
4,00479,386,158,404,179,0.9838448
4,00479,398,123,414,142,0.98148775
4,00479,312,155,329,173,0.5670317
4,00162,357,136,371,154,0.8476992
4,00162,390,119,411,148,0.82331717
4,00162,308,137,317,149,0.8059772
4,00162,311,138,326,157,0.6074512
4,00466,346,132,363,152,0.988316
4,00466,295,123,310,140,0.95141923
4,00466,414,174,447,211,0.94458574
4,00466,294,140,310,158,0.64454365
4,00374,296,109,305,121,0.9587332
4,00374,267,100,276,113,0.88245255
4,00374,318,104,326,114,0.74366236
4,00113,505,302,564,392,0.58374524
4,00397,554,145,567,162,0.7051637
4,00421,324,117,338,135,0.99134254
4,00421,299,110,312,125,0.9481909
4,00421,283,111,292,122,0.8212667
4,00421,290,123,298,133,0.66724515
4,00421,286,114,297,128,0.5135046
4,00133,424,158,439,174,0.63746333
4,00177,328,132,343,151,0.54281604
4,00129,404,194,439,231,0.92049193
4,00129,435,144,465,180,0.79732466
4,00129,495,202,514,226,0.7289182
4,00436,341,124,359,146,0.9902064
4,00436,310,124,322,139,0.9768447
4,00436,277,119,290,134,0.91181165
4,00119,458,171,499,220,0.8750069
4,00119,454,237,503,289,0.8501418
4,00265,670,132,684,149,0.67494226
4,00416,327,118,341,134,0.93867564
4,00416,280,111,292,125,0.7526006
4,00416,303,120,316,134,0.7065763
4,00498,477,200,508,238,0.9926617
4,00498,420,138,439,159,0.98900956
4,00498,356,150,378,172,0.9887267
4,00498,364,207,402,252,0.89410573
4,00463,408,163,438,199,0.98697555
4,00463,304,122,318,139,0.9791255
4,00463,346,122,361,139,0.9734604
4,00463,343,133,356,150,0.93755203
4,00463,295,141,310,157,0.9182169
4,00106,705,443,719,464,0.55717015
4,00163,310,142,323,156,0.9633602
4,00163,309,139,318,149,0.8004177
4,00163,338,298,350,312,0.51996446
4,00417,322,117,337,135,0.97442096
4,00417,280,109,291,122,0.9667463
4,00370,293,106,303,119,0.9272012
4,00370,264,101,275,115,0.9213324
4,00306,659,122,669,134,0.51538384
4,00342,638,112,648,123,0.5838412
4,00526,622,232,665,285,0.9968172
4,00526,630,338,697,430,0.9954081
4,00171,300,133,318,153,0.82419765
4,00356,277,103,288,117,0.85943073
4,00356,255,102,265,114,0.66578835
4,00471,464,195,503,244,0.9922226
4,00471,302,121,317,140,0.98591995
4,00471,353,138,369,158,0.97046477
4,00471,337,287,353,308,0.96964353
4,00471,359,122,374,138,0.9636231
4,00471,315,147,331,164,0.9058603
4,00471,312,276,323,289,0.56631887
4,00355,337,6,351,22,0.513986
4,00111,549,211,600,270,0.9385476
4,00418,321,117,335,135,0.9909865
4,00418,280,109,291,123,0.9816337
4,00418,296,124,306,136,0.5268138
4,00266,233,106,247,124,0.5501782
4,00239,266,99,275,111,0.6073634
4,00474,365,146,382,166,0.9749273
4,00474,312,147,332,169,0.97484565
4,00474,298,120,314,141,0.9746882
4,00474,376,125,390,142,0.9562431
4,00474,468,213,521,282,0.9282964
4,00474,151,288,166,306,0.66130024
4,00522,570,208,607,254,0.9914962
4,00522,555,287,611,365,0.98755217
4,00522,586,160,603,181,0.7532269
4,00108,588,238,641,306,0.931383
4,00109,564,227,618,293,0.9572354
4,00404,286,107,296,119,0.93229806
4,00404,331,107,342,121,0.92642397
4,00404,315,116,325,128,0.76674587
4,00141,341,164,362,186,0.5779459
4,00141,418,167,438,190,0.56192875
4,00396,270,104,283,119,0.9651155
4,00396,307,113,320,126,0.84122366
4,00514,566,387,634,477,0.99415815
4,00514,527,164,556,199,0.989782
4,00514,438,197,479,248,0.95333
4,00131,477,188,495,212,0.58638215
4,00131,690,109,702,124,0.5563721
4,00490,337,136,359,163,0.9913306
4,00490,427,166,452,197,0.97564924
4,00490,415,130,433,152,0.97505164
4,00490,704,382,719,416,0.8077231
4,00490,659,122,669,134,0.5301425
4,00318,660,120,671,133,0.5874306
4,00431,337,122,352,140,0.98630685
4,00431,291,115,302,128,0.94293076
4,00431,317,124,327,137,0.85470253
4,00431,325,116,337,130,0.69184685
4,00400,310,115,323,130,0.9743329
4,00400,337,106,349,121,0.9706854
4,00400,673,133,685,147,0.63202655
4,00413,322,119,334,132,0.9861015
4,00413,282,108,294,123,0.9810385
4,00523,587,298,643,370,0.99737144
4,00523,560,213,600,264,0.9787064
4,00369,292,107,303,121,0.9612432
4,00369,266,102,276,115,0.8042007
4,00424,318,118,331,136,0.9848663
4,00424,283,110,292,121,0.9767007
4,00424,307,112,319,126,0.6769496
4,00424,313,114,325,129,0.5525249
4,00424,299,123,309,134,0.5121841
4,00517,552,181,583,220,0.9874692
4,00517,490,219,531,278,0.52765733
4,00142,415,170,433,191,0.91089374
4,00142,337,161,354,180,0.5040389
4,00167,354,131,373,156,0.9605072
4,00167,304,136,315,149,0.69064337
4,00426,324,118,339,137,0.98936594
4,00426,287,111,300,127,0.9213819
4,00426,307,112,319,126,0.61479795
4,00200,318,118,330,131,0.7119655
4,00200,293,109,303,121,0.51820314
4,00524,602,319,659,394,0.9963337
4,00524,565,209,610,263,0.9911935
4,00472,457,194,498,250,0.9904553
4,00472,299,123,316,144,0.97966135
4,00472,367,122,382,141,0.97900623
4,00472,322,145,337,162,0.96092886
4,00472,353,145,370,164,0.95969945
4,00472,661,121,672,135,0.8832756
4,00511,656,322,706,387,0.99521095
4,00511,508,148,538,184,0.9911644
4,00511,513,335,561,399,0.96493393
4,00511,420,178,459,228,0.93974346
4,00363,281,107,292,121,0.9578447
4,00363,256,103,265,114,0.8221272
4,00363,303,107,314,120,0.7025245
4,00382,304,110,313,121,0.8836565
4,00382,270,110,279,120,0.83892214
4,00382,270,105,276,112,0.73425764
4,00382,275,107,281,115,0.58945864
4,00382,339,6,353,22,0.56703985
4,00528,636,264,683,325,0.99800164
4,00188,304,116,319,132,0.66371155
4,00269,674,134,682,144,0.54419416
4,00443,272,113,286,130,0.9887806
4,00443,355,128,375,152,0.9859599
4,00443,319,125,330,139,0.96598387
4,00443,346,117,357,130,0.8448173
4,00443,281,128,293,141,0.548434
4,00443,339,126,351,141,0.51750386
4,00388,273,108,284,121,0.76605606
4,00388,275,105,283,113,0.5491999
4,00388,309,112,319,124,0.5008672
4,00169,660,120,671,134,0.5895738
4,00520,562,196,598,240,0.9950203
4,00520,510,241,557,313,0.9445268
4,00153,340,122,357,144,0.7909761
4,00153,340,149,355,166,0.62662506
4,00153,350,125,364,142,0.6056846
4,00152,325,145,343,164,0.9308457
4,00152,342,124,359,144,0.9238198
4,00143,453,160,497,214,0.962952
4,00483,554,317,620,402,0.99705386
4,00483,401,130,417,148,0.975367
4,00483,391,155,411,179,0.9742021
4,00483,328,132,347,152,0.9557446
4,00483,328,157,350,181,0.9505484
4,00475,488,218,539,283,0.9897893
4,00475,301,124,318,145,0.9823272
4,00475,374,146,393,168,0.9728631
4,00475,313,148,332,171,0.96214056
4,00475,375,124,390,142,0.9589143
4,00475,639,120,648,131,0.59863317
4,00475,643,121,653,133,0.5635748
4,00379,299,109,311,123,0.87670356
4,00379,259,116,282,142,0.84893256
4,00423,318,119,332,136,0.9864667
4,00423,283,112,293,123,0.8924405
4,00423,292,121,303,135,0.88342863
4,00460,407,156,435,188,0.9955544
4,00460,304,121,317,136,0.9636537
4,00460,344,119,359,135,0.93745875
4,00460,342,134,356,151,0.9097184
4,00460,297,138,310,153,0.72308785
4,00138,388,185,425,243,0.9588674
4,00138,453,177,472,198,0.9160045
4,00138,490,163,505,182,0.60280466
4,00118,480,178,521,226,0.69253474
4,00118,470,252,517,302,0.5824342
4,00156,660,120,671,135,0.66464025
4,00429,324,119,340,138,0.990157
4,00429,286,113,299,129,0.96139944
4,00429,292,126,305,142,0.54524964
4,00271,641,120,651,131,0.50537956
4,00259,661,119,673,134,0.5824334
4,00454,387,141,413,171,0.99225837
4,00454,298,118,312,135,0.99034774
4,00454,332,128,345,145,0.9541692
4,00454,343,114,355,129,0.9507857
4,00454,281,134,291,147,0.8266834
4,00480,311,126,329,147,0.9887995
4,00480,389,154,408,176,0.9864563
4,00480,396,127,413,146,0.957566
4,00480,530,273,589,347,0.9509899
4,00480,313,158,333,179,0.8767338
4,00525,609,346,673,426,0.9977737
4,00525,593,231,636,282,0.9953258
4,00470,458,184,496,231,0.99348855
4,00470,298,120,315,141,0.9869696
4,00470,355,120,369,137,0.9773242
4,00470,353,141,368,159,0.92980903
4,00470,306,146,323,162,0.7224491
4,00501,496,224,532,268,0.99090236
4,00501,442,142,463,165,0.9892464
4,00501,374,158,400,187,0.987645
4,00501,362,228,411,280,0.8959404
4,00362,279,104,290,118,0.92755693
4,00362,256,102,265,114,0.8552494
4,00456,390,145,415,173,0.9891166
4,00456,303,119,316,136,0.97384304
4,00456,350,115,363,131,0.97381216
4,00456,339,130,354,148,0.94433224
4,00456,292,131,302,144,0.56813693
4,00502,438,141,462,169,0.99437124
4,00502,372,164,398,193,0.99091303
4,00502,507,225,542,266,0.9688119
4,00502,397,224,434,276,0.8872714
4,00385,303,112,314,124,0.87855864
4,00385,270,104,279,115,0.73234206
4,00481,388,154,408,178,0.98781186
4,00481,316,131,334,153,0.9861623
4,00481,544,285,607,356,0.9706805
4,00481,394,126,408,143,0.92082095
4,00481,324,161,342,182,0.50828356
4,00459,409,151,435,181,0.9930502
4,00459,305,119,319,136,0.9840424
4,00459,340,133,352,146,0.9660165
4,00459,343,116,355,130,0.9287384
4,00130,396,191,429,224,0.67615986
4,00130,659,119,670,132,0.6289981
4,00337,639,117,650,130,0.5877164
4,00432,341,120,356,139,0.9876611
4,00432,320,123,331,138,0.9301611
4,00432,274,121,285,134,0.7584325
4,00432,297,116,308,129,0.7373341
4,00432,326,116,338,129,0.61715066
4,00432,289,118,297,128,0.51291895
4,00438,343,126,361,148,0.98850924
4,00438,281,123,293,137,0.9646404
4,00438,317,124,329,139,0.9452417
4,00438,281,117,290,128,0.6760177
4,00438,342,113,354,126,0.6725159
4,00534,659,121,670,134,0.857624
4,00518,539,182,574,225,0.9898915
4,00375,298,109,310,123,0.9697174
4,00375,268,101,277,111,0.7771275
4,00434,336,122,352,142,0.9838456
4,00434,311,122,322,136,0.9488354
4,00434,288,115,299,129,0.94551605
4,00434,271,126,281,138,0.8167905
4,00434,337,5,352,21,0.6945275
4,00350,287,103,296,114,0.93124527
4,00378,298,110,310,124,0.9585979
4,00378,315,102,325,114,0.68568563
4,00503,372,159,399,190,0.99157494
4,00503,443,141,463,166,0.9850476
4,00503,397,232,441,287,0.98026407
4,00503,521,239,555,279,0.8173623
4,00503,158,248,171,264,0.76428425
4,00150,353,123,370,142,0.86743504
4,00150,331,150,348,169,0.86669093
4,00150,314,178,332,198,0.7052677
4,00150,671,131,685,146,0.5902657
4,00150,354,146,374,167,0.54291874
4,00393,265,103,277,118,0.9577953
4,00198,145,22,159,40,0.6764173
4,00198,312,119,325,135,0.5140589
4,00401,308,113,321,128,0.9848525
4,00401,279,105,288,117,0.9054398
4,00415,327,115,341,133,0.9913025
4,00415,286,108,295,117,0.95097524
4,00415,302,119,313,133,0.8073169
4,00415,275,124,284,135,0.65222466
4,00415,297,124,306,135,0.6259306
4,00320,660,120,670,133,0.72659355
4,00155,341,118,359,140,0.73808944
4,00155,597,211,611,227,0.5424942
4,00465,420,166,452,205,0.989861
4,00465,302,118,317,136,0.98454016
4,00465,342,119,356,136,0.97067505
4,00465,345,135,361,155,0.96102417
4,00465,288,139,302,156,0.80876863
4,00512,530,339,591,412,0.99689144
4,00512,512,159,541,195,0.99262697
4,00512,427,176,464,228,0.987591
4,00120,601,241,630,273,0.93008554
4,00120,450,235,499,285,0.91750854
4,00457,397,152,421,178,0.992812
4,00457,306,118,319,135,0.98827505
4,00457,350,117,362,131,0.97036403
4,00457,341,133,353,148,0.9570515
4,00457,292,137,304,151,0.6254296
4,00414,325,116,339,134,0.9820817
4,00414,284,106,293,117,0.9693067
4,00243,671,132,685,148,0.5962247
4,00476,307,125,325,147,0.9840164
4,00476,488,233,541,300,0.9762657
4,00476,379,122,394,139,0.9679652
4,00476,378,146,395,168,0.9655501
4,00476,316,153,336,176,0.94933665
4,00489,340,131,361,155,0.985753
4,00489,425,169,450,198,0.9799485
4,00489,413,131,431,152,0.9768331
4,00349,288,103,298,115,0.96095186
4,00435,337,122,354,142,0.975816
4,00435,307,122,318,137,0.9738849
4,00435,275,121,287,136,0.95769
4,00435,280,117,290,129,0.7628459
4,00435,347,113,357,125,0.6206433
4,00451,296,118,309,132,0.9905093
4,00451,375,143,395,165,0.9830845
4,00451,334,130,347,147,0.9810176
4,00451,351,116,362,129,0.93272907
4,00451,283,137,292,148,0.50963813
4,00127,508,213,540,245,0.93849057
4,00127,431,151,462,188,0.8815132
4,00127,417,203,454,236,0.82458633
4,00127,589,215,622,268,0.66685903
4,00449,347,117,357,130,0.97917354
4,00449,331,133,342,147,0.92876405
4,00449,286,118,296,130,0.8836113
4,00449,288,129,301,145,0.796515
4,00449,326,134,335,144,0.53995156
4,00449,603,74,618,93,0.5040402
4,00112,596,207,613,228,0.7500265
4,00112,541,206,587,267,0.727032
4,00445,352,130,373,154,0.98707783
4,00445,314,127,326,143,0.98180217
4,00445,279,115,291,130,0.97795975
4,00445,291,134,300,146,0.8907814
4,00442,271,114,281,127,0.9896263
4,00442,352,128,371,151,0.9867845
4,00442,319,123,330,138,0.96702117
4,00442,285,130,296,143,0.871151
4,00442,343,116,353,128,0.8277677
4,00442,280,123,290,136,0.5694217
4,00420,324,117,339,135,0.9874887
4,00420,283,109,296,124,0.9631887
4,00420,306,109,318,125,0.9535556
4,00402,311,115,323,131,0.97296417
4,00402,331,106,342,120,0.9409332
4,00402,281,104,291,117,0.94028795
4,00151,346,124,364,146,0.9679611
4,00151,322,147,341,167,0.85701466
4,00504,374,161,401,194,0.99115247
4,00504,451,143,476,173,0.9909258
4,00504,399,245,443,307,0.85517997
4,00504,536,243,572,286,0.81337523
4,00136,401,191,466,269,0.6059189
4,00371,295,107,305,120,0.96761537
4,00371,263,104,272,116,0.92270505
4,00371,314,103,323,114,0.6096601
4,00427,325,119,340,138,0.989516
4,00427,290,120,302,135,0.91203123
4,00427,308,110,321,124,0.76674414
4,00427,284,111,291,121,0.5378236
4,00509,619,279,665,338,0.9970798
4,00509,485,149,513,181,0.99227375
4,00509,395,167,431,212,0.9639029
4,00509,491,302,538,365,0.714241
4,00441,343,129,362,151,0.98594725
4,00441,276,117,288,132,0.97502726
4,00441,315,124,327,139,0.971094
4,00441,285,124,297,139,0.9602398
4,00441,671,132,681,145,0.85435957
4,00519,547,182,584,227,0.98925763
4,00128,503,201,523,225,0.9231232
4,00128,596,201,614,226,0.8435024
4,00364,285,106,294,118,0.93960875
4,00505,466,144,491,173,0.9878492
4,00505,386,164,417,203,0.9838635
4,00505,409,245,455,301,0.86567616
4,00383,302,111,313,122,0.67955065
4,00430,328,121,343,139,0.9787183
4,00430,286,116,298,130,0.6651084
4,00493,343,138,367,165,0.9921292
4,00493,408,131,429,155,0.99078256
4,00493,436,180,462,214,0.9858086
4,00373,294,107,304,120,0.7993462
4,00373,266,104,275,114,0.7341559
4,00201,289,122,306,139,0.6412002
4,00467,355,120,368,136,0.9848546
4,00467,287,119,304,140,0.9806096
4,00467,347,139,362,158,0.9637948
4,00467,420,173,450,209,0.87995255
4,00467,298,138,314,155,0.8690555
4,00464,419,162,450,197,0.9927088
4,00464,305,119,318,135,0.9872457
4,00464,341,130,356,148,0.9321006
4,00464,290,135,303,153,0.90832436
4,00464,340,117,352,130,0.74332094
4,00145,451,149,466,168,0.8794613
4,00145,342,327,359,350,0.71563786
4,00145,384,134,402,157,0.5540078
4,00186,326,112,342,132,0.6856128
4,00507,472,146,499,177,0.992935
4,00507,562,255,608,312,0.9896791
4,00507,397,167,430,209,0.9794871
4,00507,470,265,514,329,0.9659532
4,00172,348,131,364,150,0.9509416
4,00172,301,132,318,150,0.9107047
4,00185,339,126,351,140,0.6371735
4,00293,660,120,671,134,0.6980169
4,00125,517,214,543,245,0.8136688
4,00468,289,120,305,140,0.98701966
4,00468,355,120,369,137,0.96689
4,00468,343,137,360,157,0.96389073
4,00468,429,181,461,222,0.6129505
4,00447,373,140,392,161,0.9928611
4,00447,324,130,336,145,0.97709686
4,00447,348,119,359,132,0.9706988
4,00447,281,118,295,134,0.9644943
4,00447,291,131,303,147,0.93749106
4,00425,320,119,335,137,0.98752844
4,00425,285,112,294,123,0.9458766
4,00425,308,110,320,124,0.86810285
4,00123,552,221,579,253,0.9703494
4,00123,433,219,476,262,0.7357588
4,00123,429,216,489,323,0.5130096
4,00124,530,224,561,257,0.89682
4,00124,407,216,448,257,0.8166753
4,00124,562,338,622,411,0.74135685
4,00124,436,159,467,199,0.6744192
4,00160,595,204,612,226,0.5448701
4,00160,313,145,326,160,0.50149757
4,00496,454,194,484,229,0.9938797
4,00496,424,137,443,159,0.9929771
4,00496,354,147,377,172,0.99178374
4,00332,288,100,297,112,0.5989616
4,00407,286,106,294,115,0.88734573
4,00407,316,117,327,130,0.8710356
4,00407,333,108,342,118,0.69111073
4,00440,337,126,355,148,0.9881247
4,00440,314,123,325,136,0.96327674
4,00440,280,115,291,129,0.9450107
4,00440,285,123,297,137,0.87865484
4,00440,350,115,360,126,0.72436315
4,00126,401,205,441,247,0.9249319
4,00126,511,211,533,240,0.66382617
4,00462,399,155,430,191,0.9910171
4,00462,344,134,357,151,0.96919316
4,00462,350,120,364,136,0.9457256
4,00462,302,120,316,137,0.9372205
4,00462,301,137,315,153,0.8932736
4,00345,284,102,293,112,0.5539084
4,00146,357,127,373,147,0.5300364
4,00179,337,130,350,145,0.92194164
4,00179,300,113,316,132,0.8623761
4,00164,660,118,672,133,0.7213241
4,00164,360,138,377,159,0.7032113
4,00164,640,111,648,121,0.5443605
4,00159,379,141,395,161,0.9396879
4,00159,417,143,430,163,0.60155547
4,00386,306,110,315,121,0.54460233
4,00139,444,168,464,191,0.87546146
4,00139,376,177,404,213,0.8691304
4,00139,419,144,432,162,0.5922126
4,00139,330,228,371,306,0.5412232
4,00366,252,102,264,117,0.8701223
4,00366,287,107,297,119,0.83896047
4,00448,345,116,358,131,0.9792149
4,00448,283,123,297,140,0.96179694
4,00448,281,117,291,129,0.87249947
4,00448,328,134,339,146,0.853792
4,00448,377,142,395,159,0.7108613
4,00446,360,136,378,158,0.98128533
4,00446,280,114,292,129,0.97776
4,00446,318,131,330,146,0.96999705
4,00446,293,128,304,141,0.87381226
4,00446,352,119,363,131,0.86975205
4,00446,336,134,347,148,0.53101736
4,00197,298,122,309,135,0.6926148
4,00135,409,158,427,176,0.6384048
4,00135,412,142,437,172,0.5796308
4,00368,289,107,299,120,0.95094764
4,00368,265,103,274,115,0.7893925
4,00368,659,121,669,133,0.6468743
4,00368,672,134,680,143,0.5797825
4,00368,637,113,645,123,0.52211547
4,00292,660,120,673,135,0.61881083
4,00327,613,133,623,146,0.8382106
4,00327,643,123,651,132,0.5018913
4,00116,673,292,694,323,0.9396714
4,00116,491,181,537,233,0.6617301
4,00500,438,138,460,163,0.99390244
4,00500,497,211,530,250,0.9911534
4,00500,373,155,397,181,0.98831356
4,00384,302,110,312,122,0.5461253
4,00384,272,104,284,118,0.54122615
4,00137,468,177,483,195,0.7119051
4,00137,390,193,449,253,0.571328
4,00148,661,120,672,135,0.9499857
4,00495,425,134,444,154,0.9905856
4,00495,354,137,377,165,0.9881693
4,00495,449,182,477,217,0.98237485
4,00485,611,365,686,459,0.9957306
4,00485,411,152,431,179,0.97919273
4,00485,404,130,420,148,0.96789193
4,00485,328,135,346,154,0.96517634
4,00450,293,118,305,133,0.9871523
4,00450,331,132,344,147,0.9654956
4,00450,350,116,362,131,0.9591987
4,00450,287,136,296,147,0.7207888
4,00224,661,120,672,134,0.8603119
4,00224,673,133,682,143,0.7646744
4,00491,334,134,356,159,0.99232614
4,00491,410,136,428,155,0.9902602
4,00491,430,175,455,206,0.9794632
4,00527,637,246,682,304,0.9944629
4,00527,661,373,714,464,0.9372962
4,00510,637,295,686,356,0.99197394
4,00510,501,150,527,182,0.98742014
4,00510,408,174,441,220,0.9653122
4,00510,494,304,548,372,0.95199156
4,00510,336,4,353,21,0.50143623
4,00453,384,137,410,168,0.9932683
4,00453,299,117,312,134,0.98323846
4,00453,333,130,348,148,0.9724681
4,00453,280,136,291,151,0.9530461
4,00453,344,115,355,129,0.9409687
4,00453,356,135,366,147,0.7628516
4,00437,345,123,363,146,0.9896203
4,00437,316,123,327,137,0.9660294
4,00437,278,119,290,134,0.943236
4,00437,340,114,351,127,0.6872524
4,00437,223,24,232,34,0.5025619
4,00395,307,113,317,126,0.9042806
4,00395,267,103,276,113,0.7194962
4,00433,341,124,357,144,0.98671585
4,00433,294,112,306,127,0.9683169
4,00433,315,121,327,136,0.91358423
4,00433,269,122,279,134,0.7770372
4,00433,328,116,339,129,0.7473363
4,00433,336,115,347,128,0.60202265
4,00482,555,318,616,393,0.99710137
4,00482,385,153,405,177,0.9839436
4,00482,327,153,348,177,0.9486788
4,00482,395,127,411,144,0.94100577
4,00482,325,131,343,151,0.8975899
6,00149,354,123,374,146,0.866121
6,00458,307,116,321,134,0.98852867
6,00458,348,118,360,132,0.9715826
6,00458,341,134,354,151,0.9472153
6,00458,399,146,428,180,0.9362455
6,00458,290,137,303,153,0.9053493
6,00161,310,140,325,157,0.7701388
6,00161,331,116,349,138,0.7700679
6,00311,259,101,267,111,0.53323317
6,00311,236,104,244,113,0.5032567
6,00411,322,118,335,134,0.9833071
6,00411,280,107,288,117,0.94907796
6,00411,299,117,309,128,0.9463852
6,00411,342,114,357,133,0.8679506
6,00411,304,116,316,131,0.7038041
6,00411,277,112,287,125,0.564344
6,00134,420,160,433,175,0.7705296
6,00183,295,115,306,128,0.97962415
6,00183,337,126,352,144,0.9783788
6,00183,304,124,316,138,0.5348782
6,00168,372,132,384,146,0.6639854
6,00168,313,116,322,127,0.6008726
6,00484,405,127,421,146,0.9890115
6,00484,329,133,348,154,0.97728556
6,00387,308,110,319,123,0.96853715
6,00387,325,104,334,116,0.9153719
6,00387,289,110,297,120,0.7344229
6,00387,269,99,277,108,0.72752273
6,00387,271,103,280,114,0.6556553
6,00412,320,116,334,132,0.9874121
6,00412,281,105,291,118,0.9483127
6,00412,346,111,356,124,0.93358797
6,00412,299,117,309,128,0.92671865
6,00412,307,117,318,131,0.6308217
6,00192,305,119,321,139,0.67161405
6,00251,271,93,281,107,0.63357973
6,00251,262,98,271,110,0.55361146
6,00251,277,95,288,109,0.52872884
6,00147,317,150,337,172,0.6490267
6,00380,302,111,312,123,0.9094154
6,00380,266,103,275,115,0.86292803
6,00380,320,102,329,113,0.72144276
6,00529,649,261,698,323,0.9966978
6,00461,348,120,363,136,0.967732
6,00461,300,121,316,139,0.9546539
6,00461,344,130,359,149,0.9509175
6,00461,300,131,316,151,0.92854774
6,00312,260,99,267,108,0.8756267
6,00312,242,103,249,112,0.68306357
6,00410,321,115,334,131,0.9814031
6,00410,335,107,347,122,0.97210884
6,00410,283,106,293,119,0.9684884
6,00410,328,111,341,128,0.6326255
6,00506,471,140,495,168,0.993786
6,00316,266,99,274,109,0.7528571
6,00354,282,102,291,112,0.57101345
6,00260,661,122,671,134,0.70452106
6,00392,310,112,322,127,0.97796637
6,00392,325,102,335,114,0.94568765
6,00392,267,105,276,117,0.9046873
6,00392,286,111,295,122,0.57695794
6,00392,274,111,282,121,0.509285
6,00398,312,113,325,128,0.9812014
6,00398,268,105,279,118,0.95510095
6,00398,333,104,341,114,0.9486356
6,00422,322,118,337,136,0.99086
6,00422,283,111,292,123,0.8800718
6,00422,298,112,310,126,0.8034601
6,00422,289,113,300,126,0.72873986
6,00422,289,125,299,136,0.58559674
6,00422,295,121,305,133,0.54331183
6,00391,306,112,318,127,0.97143316
6,00391,268,105,278,118,0.9580897
6,00391,323,103,333,116,0.94130236
6,00499,424,139,446,163,0.99379635
6,00381,305,110,316,124,0.91991526
6,00381,320,103,329,114,0.8959026
6,00381,266,105,276,117,0.8596269
6,00455,298,116,312,133,0.98681086
6,00455,344,116,357,131,0.96975976
6,00455,335,131,348,148,0.9542812
6,00455,387,144,413,174,0.89623433
6,00455,284,136,296,149,0.8847384
6,00394,310,113,322,128,0.9722544
6,00394,265,104,276,117,0.9523162
6,00394,329,107,338,119,0.5716836
6,00394,304,112,314,125,0.50263214
6,00419,320,117,335,134,0.9927826
6,00419,282,111,292,123,0.9722615
6,00419,298,124,307,135,0.7850062
6,00478,311,125,329,146,0.99178165
6,00478,391,121,408,142,0.98026836
6,00478,317,152,330,166,0.62559813
6,00372,294,108,304,121,0.97461754
6,00372,315,104,324,114,0.9111025
6,00372,264,106,273,117,0.8063015
6,00372,272,112,279,121,0.651874
6,00310,258,100,266,110,0.81000817
6,00310,233,105,239,113,0.6459704
6,00140,434,166,456,191,0.59847814
6,00241,265,100,273,111,0.62120295
6,00497,418,138,440,161,0.9923119
6,00497,349,142,372,169,0.92234826
6,00110,556,232,606,289,0.72417766
6,00428,324,121,340,140,0.9866346
6,00428,288,113,301,129,0.93858004
6,00428,312,111,325,126,0.6750068
6,00428,294,122,305,134,0.58747816
6,00409,320,115,333,131,0.97133034
6,00409,285,106,294,117,0.9539005
6,00409,332,108,342,121,0.95264417
6,00409,300,112,308,123,0.7333339
6,00409,276,114,285,125,0.7238969
6,00409,271,117,278,126,0.6140814
6,00213,282,101,297,120,0.53607726
6,00444,272,117,284,131,0.98972976
6,00444,356,133,374,156,0.97945845
6,00444,315,126,328,142,0.97905684
6,00444,347,118,358,131,0.89571506
6,00444,282,122,294,136,0.5866445
6,00444,291,126,301,139,0.50037986
6,00406,332,107,342,119,0.9817909
6,00406,313,118,324,130,0.9580291
6,00406,284,105,294,116,0.9358422
6,00530,679,280,714,343,0.9774845
6,00488,399,130,417,150,0.9901119
6,00488,340,135,358,158,0.9895001
6,00121,587,244,620,280,0.71860117
6,00173,346,131,362,150,0.7418009
6,00173,311,118,322,131,0.6137552
6,00377,267,105,278,118,0.9277771
6,00377,311,102,320,113,0.92366475
6,00377,300,110,309,120,0.8966592
6,00376,298,109,308,121,0.9572035
6,00376,313,103,323,115,0.9074597
6,00376,268,104,278,116,0.8330809
6,00376,303,106,315,120,0.7320113
6,00376,272,110,280,120,0.5880838
6,00403,312,114,324,130,0.9650616
6,00403,331,104,341,116,0.9582812
6,00403,282,104,293,117,0.9517181
6,00315,266,100,274,109,0.8713523
6,00315,248,105,255,113,0.5334656
6,00154,343,122,362,143,0.96787727
6,00439,340,129,357,150,0.99013025
6,00439,315,124,327,139,0.9739217
6,00439,281,116,293,132,0.9650886
6,00439,346,111,355,122,0.80886483
6,00469,291,121,306,141,0.97949916
6,00469,356,121,370,138,0.9739276
6,00469,343,136,361,157,0.9598291
6,00469,301,145,318,162,0.8217768
6,00469,321,204,336,224,0.8153093
6,00399,313,114,325,129,0.971049
6,00399,337,107,348,121,0.9706495
6,00399,269,103,278,114,0.91035163
6,00477,309,122,327,144,0.98953676
6,00477,383,122,397,140,0.96902466
6,00477,321,151,340,172,0.6510935
6,00494,415,133,436,158,0.98986816
6,00494,347,135,370,164,0.98648524
6,00195,296,112,307,126,0.8649261
6,00195,324,115,334,127,0.7185584
6,00492,336,132,358,158,0.9918937
6,00492,405,131,425,154,0.9878213
6,00486,642,364,712,461,0.997823
6,00486,398,131,416,151,0.9903562
6,00486,329,134,347,154,0.9821712
6,00365,286,106,296,119,0.9598919
6,00365,255,102,264,114,0.8218723
6,00365,312,104,320,115,0.65075207
6,00508,473,142,500,173,0.9796299
6,00408,317,118,329,133,0.96844214
6,00408,333,105,343,117,0.9439844
6,00408,286,105,297,119,0.94307446
6,00107,639,249,695,318,0.92105633
6,00515,585,390,653,478,0.9947988
6,00515,569,381,608,440,0.54658514
6,00122,668,258,701,310,0.699748
6,00115,608,281,654,334,0.76248443
6,00389,273,102,283,115,0.9720382
6,00389,305,112,316,125,0.95100456
6,00389,325,103,335,115,0.9464357
6,00389,285,112,293,122,0.58523184
6,00452,298,117,311,132,0.99148625
6,00452,348,115,361,131,0.9886714
6,00452,335,128,349,145,0.97510284
6,00452,287,136,297,148,0.8062328
6,00452,377,141,397,163,0.7439235
6,00452,283,133,292,144,0.59421647
6,00405,332,105,341,116,0.9700651
6,00405,285,104,294,115,0.96053416
6,00405,314,117,325,130,0.9602327
6,00405,268,114,275,123,0.56759894
6,00473,296,124,313,145,0.9938712
6,00473,372,121,388,140,0.9862997
6,00473,353,144,372,165,0.86721617
6,00487,333,136,353,160,0.9921687
6,00487,395,129,412,148,0.9882153
6,00487,654,386,713,479,0.6388486
6,00487,383,249,394,263,0.5223607
6,00367,286,106,296,119,0.9736061
6,00367,258,105,267,117,0.89248455
6,00367,320,103,329,113,0.84998435
6,00479,310,128,328,150,0.9951598
6,00479,398,121,415,142,0.9909033
6,00479,382,155,402,176,0.69216615
6,00162,305,131,324,153,0.86012834
6,00162,392,129,412,150,0.6007992
6,00466,347,136,362,155,0.9847585
6,00466,292,141,307,159,0.96722096
6,00466,298,121,313,139,0.9662371
6,00466,342,121,355,136,0.8357452
6,00351,286,101,295,112,0.8802278
6,00374,294,107,304,121,0.97481525
6,00374,318,104,327,116,0.94564086
6,00374,266,103,275,115,0.93965685
6,00397,310,113,322,128,0.96913165
6,00397,333,105,341,115,0.95115435
6,00397,270,105,281,119,0.9335041
6,00421,325,116,339,134,0.9919051
6,00421,283,109,294,123,0.9484861
6,00421,301,110,313,125,0.90704954
6,00133,422,162,437,180,0.7040649
6,00177,364,121,376,136,0.8013225
6,00177,337,129,352,146,0.7862401
6,00129,437,146,462,177,0.7633674
6,00436,339,124,356,145,0.99066037
6,00436,308,122,320,138,0.98054403
6,00436,274,113,287,129,0.96435976
6,00436,340,114,352,127,0.64550424
6,00119,614,254,656,299,0.74677664
6,00416,327,116,341,133,0.99043405
6,00416,300,118,312,133,0.9494689
6,00416,283,110,293,124,0.94645715
6,00498,418,135,438,158,0.98962307
6,00498,351,138,374,166,0.6056781
6,00246,259,100,268,112,0.6529344
6,00463,303,122,317,139,0.97897494
6,00463,342,134,356,152,0.9594517
6,00463,349,121,362,137,0.94886136
6,00463,300,137,313,152,0.663976
6,00106,666,252,714,322,0.5446683
6,00163,308,136,325,156,0.9149918
6,00163,321,118,336,135,0.6796823
6,00417,324,118,338,136,0.9922091
6,00417,280,110,291,125,0.96628153
6,00417,306,119,318,133,0.9138829
6,00189,301,111,312,123,0.63789654
6,00189,661,121,671,133,0.59866834
6,00370,293,106,303,120,0.9601788
6,00370,321,104,330,114,0.8681142
6,00370,267,101,276,113,0.8651016
6,00187,296,109,312,129,0.9813029
6,00193,304,121,318,136,0.6857148
6,00193,301,114,313,128,0.57066506
6,00342,283,100,292,112,0.87944627
6,00342,253,104,262,115,0.78929895
6,00526,622,332,692,427,0.99481493
6,00526,612,229,658,286,0.99126875
6,00171,315,112,329,128,0.63839483
6,00171,302,136,315,150,0.6154935
6,00199,316,118,328,133,0.8858863
6,00199,296,111,307,126,0.78543586
6,00356,279,101,289,113,0.9459368
6,00471,301,119,317,139,0.98868763
6,00471,353,138,369,158,0.96592873
6,00471,357,120,371,137,0.9446983
6,00471,661,122,672,134,0.72742456
6,00355,281,103,290,113,0.7810138
6,00418,320,117,335,134,0.990431
6,00418,281,107,292,122,0.98116255
6,00418,298,126,307,136,0.6583048
6,00266,644,99,656,112,0.6637102
6,00239,265,100,273,111,0.8291959
6,00474,296,121,313,142,0.9868837
6,00474,374,123,390,142,0.9798692
6,00474,358,144,379,167,0.89066005
6,00474,314,149,331,169,0.84492046
6,00353,284,101,293,112,0.7224838
6,00353,645,98,656,110,0.6411455
6,00191,303,115,314,128,0.6761792
6,00191,299,121,312,138,0.5949548
6,00522,537,274,600,359,0.60682106
6,00202,317,120,326,131,0.92979646
6,00202,284,115,298,132,0.8329037
6,00202,296,121,304,131,0.64748585
6,00202,280,111,291,126,0.6269054
6,00404,314,113,327,129,0.9680226
6,00404,285,105,294,116,0.9568063
6,00404,332,105,341,116,0.9252685
6,00141,418,167,440,194,0.9192568
6,00396,306,111,319,127,0.9738375
6,00396,270,103,280,116,0.94609064
6,00396,333,102,343,115,0.54237413
6,00514,563,381,631,462,0.9854693
6,00131,395,189,428,221,0.5844106
6,00490,415,130,432,150,0.9922241
6,00490,339,133,361,160,0.9882218
6,00431,333,122,349,142,0.9876573
6,00431,290,113,302,128,0.92586756
6,00431,316,123,327,137,0.80156845
6,00431,323,115,335,129,0.726119
6,00431,283,121,292,132,0.61069965
6,00431,281,127,289,137,0.52427393
6,00400,311,114,324,129,0.97720385
6,00400,336,105,347,118,0.97365844
6,00400,273,105,283,117,0.82071996
6,00400,269,101,278,111,0.6611654
6,00400,278,110,287,121,0.56519866
6,00413,322,116,335,133,0.9927134
6,00413,281,108,291,121,0.9468328
6,00413,308,117,319,131,0.84025604
6,00413,300,118,311,131,0.82423306
6,00413,269,118,276,128,0.6103681
6,00523,574,278,635,365,0.9079103
6,00208,314,118,325,133,0.89276433
6,00208,290,105,302,123,0.8737258
6,00208,646,99,659,113,0.6048475
6,00369,291,107,301,120,0.96649
6,00369,266,103,275,114,0.91704065
6,00369,321,103,330,114,0.76062405
6,00313,242,107,249,115,0.74119484
6,00313,261,99,268,107,0.59181654
6,00424,318,117,332,135,0.98812675
6,00424,284,109,295,124,0.96815646
6,00424,307,112,320,127,0.62159264
6,00142,416,166,433,186,0.87442726
6,00142,493,145,514,173,0.8707321
6,00142,368,126,388,150,0.59733325
6,00240,265,98,274,111,0.8229075
6,00167,355,134,370,151,0.9354008
6,00167,381,131,395,146,0.81041414
6,00426,323,118,338,137,0.9894823
6,00426,285,111,297,125,0.96881986
6,00426,308,110,320,125,0.8137133
6,00426,292,124,301,135,0.5049818
6,00200,293,109,304,124,0.95344126
6,00200,318,118,329,132,0.92372376
6,00524,588,288,656,386,0.9249119
6,00235,661,121,671,134,0.586169
6,00190,301,112,313,127,0.88920754
6,00190,292,124,301,135,0.5245101
6,00472,300,120,317,141,0.9878571
6,00472,365,124,380,142,0.98373955
6,00472,355,143,369,161,0.9024165
6,00511,650,315,699,379,0.9970132
6,00511,503,319,558,396,0.94351375
6,00511,506,146,535,183,0.91866726
6,00363,280,105,290,118,0.9416014
6,00363,256,104,265,115,0.912962
6,00363,661,121,672,135,0.74998534
6,00382,325,104,336,118,0.95640785
6,00382,305,111,315,124,0.9391051
6,00382,269,104,279,116,0.76930445
6,00382,287,111,295,120,0.5053527
6,00528,638,262,683,319,0.9974016
6,00188,303,114,317,130,0.9243958
6,00188,336,123,349,141,0.7221396
6,00443,271,112,284,130,0.9872493
6,00443,354,126,374,150,0.98185927
6,00443,318,125,330,140,0.9650463
6,00443,285,128,297,143,0.931811
6,00443,346,114,357,128,0.91688114
6,00443,281,124,291,137,0.67957556
6,00388,323,103,335,118,0.9528582
6,00388,271,105,284,120,0.93946755
6,00388,309,112,321,126,0.9200006
6,00388,269,100,277,110,0.7372748
6,00169,311,112,328,133,0.94624823
6,00153,340,117,359,140,0.83036697
6,00153,412,132,435,160,0.6290724
6,00152,341,120,358,142,0.7374688
6,00143,369,128,390,152,0.65101516
6,00143,662,123,671,133,0.531585
6,00483,398,130,414,148,0.99155676
6,00483,326,131,346,152,0.9874916
6,00475,299,123,316,142,0.9876501
6,00475,375,124,391,142,0.98378444
6,00475,313,147,329,166,0.8891316
6,00379,299,109,311,124,0.9613763
6,00379,316,103,327,115,0.8976878
6,00379,266,105,275,117,0.6919831
6,00423,318,119,333,137,0.98462117
6,00423,282,112,293,125,0.96040255
6,00423,297,112,308,125,0.6619609
6,00423,294,123,304,135,0.5173265
6,00460,304,122,317,137,0.95512456
6,00460,341,133,355,151,0.9473249
6,00460,345,116,357,131,0.9167729
6,00460,405,150,436,184,0.8629759
6,00460,300,133,311,146,0.5771298
6,00138,455,178,475,200,0.9147421
6,00138,402,133,426,160,0.8650491
6,00156,339,120,355,139,0.5707224
6,00305,249,98,256,107,0.53362906
6,00184,339,125,353,141,0.8798632
6,00184,297,119,312,134,0.786987
6,00429,322,118,339,138,0.99288553
6,00429,286,112,299,129,0.9826943
6,00429,292,126,305,142,0.56962234
6,00359,280,102,290,113,0.668536
6,00247,265,99,273,109,0.6453264
6,00247,290,102,298,113,0.56875086
6,00454,298,119,312,136,0.9884946
6,00454,342,113,355,130,0.95456994
6,00454,331,129,345,146,0.94581157
6,00454,280,135,291,148,0.90876365
6,00454,386,138,411,167,0.9059172
6,00480,308,125,328,148,0.9949975
6,00480,398,126,413,144,0.9924779
6,00525,605,330,673,419,0.9957074
6,00470,295,122,313,143,0.9873776
6,00470,354,120,369,137,0.9672171
6,00470,350,141,366,160,0.91539234
6,00470,305,145,323,163,0.84893453
6,00501,440,138,463,164,0.9913878
6,00362,279,106,289,118,0.89110637
6,00362,256,102,265,114,0.8521617
6,00456,349,114,362,131,0.98638135
6,00456,302,117,315,134,0.9794962
6,00456,338,131,353,149,0.9360137
6,00456,288,134,303,152,0.8434422
6,00456,662,121,672,134,0.674569
6,00456,389,144,412,168,0.5100186
6,00502,439,141,463,168,0.9913474
6,00385,323,104,334,118,0.9668072
6,00385,302,111,313,124,0.95814246
6,00385,271,106,282,119,0.8264028
6,00481,313,128,332,150,0.9938029
6,00481,394,126,409,143,0.9707563
6,00481,356,231,370,250,0.63487035
6,00459,305,118,319,136,0.9877841
6,00459,338,129,353,147,0.96777177
6,00459,343,116,356,131,0.94600123
6,00459,406,145,436,180,0.91635954
6,00459,295,134,306,147,0.6577103
6,00337,298,99,306,108,0.5254341
6,00337,283,101,292,111,0.5113815
6,00432,340,120,356,140,0.98887944
6,00432,277,124,286,136,0.8887495
6,00432,293,117,304,130,0.88836735
6,00432,317,122,328,136,0.7348685
6,00432,326,115,338,129,0.65432423
6,00432,284,120,296,136,0.6263498
6,00438,344,125,363,147,0.99157614
6,00438,282,124,293,138,0.9677297
6,00438,315,122,327,136,0.95853
6,00438,277,118,289,131,0.78778803
6,00438,340,113,352,127,0.7418688
6,00375,298,110,307,120,0.9737723
6,00375,317,104,326,115,0.9065596
6,00375,268,103,277,114,0.800648
6,00375,302,109,313,122,0.51073676
6,00434,337,122,355,143,0.98858017
6,00434,292,112,304,126,0.97224754
6,00434,312,122,324,137,0.9661497
6,00434,267,124,276,135,0.66645175
6,00350,289,101,297,112,0.9650495
6,00350,253,102,261,111,0.7253272
6,00378,298,109,309,121,0.73364186
6,00378,266,104,277,117,0.60573643
6,00503,440,138,463,166,0.990957
6,00150,333,149,352,170,0.7614441
6,00393,310,112,323,127,0.96740115
6,00393,265,104,276,117,0.93329763
6,00393,292,111,302,123,0.75688106
6,00393,298,112,308,124,0.6891475
6,00393,329,106,338,118,0.578227
6,00358,279,104,289,116,0.89033383
6,00390,305,111,317,125,0.95734805
6,00390,323,103,335,118,0.9540851
6,00390,271,104,282,118,0.89666265
6,00390,268,99,278,111,0.6527743
6,00198,299,116,313,135,0.8539294
6,00401,308,113,322,129,0.98590565
6,00401,336,106,347,120,0.9759368
6,00401,273,106,285,121,0.9395816
6,00415,327,115,342,133,0.99088776
6,00415,285,106,295,117,0.9501156
6,00415,301,118,312,132,0.888359
6,00415,296,123,305,134,0.5296559
6,00320,271,100,278,109,0.70293206
6,00155,340,117,362,144,0.8421982
6,00336,297,99,305,109,0.7727211
6,00336,278,100,287,111,0.5108279
6,00465,303,118,317,136,0.98386174
6,00465,344,135,360,155,0.9683071
6,00465,341,119,355,135,0.95641196
6,00465,290,139,303,156,0.90038306
6,00181,301,113,315,130,0.9833679
6,00181,339,124,353,140,0.67746073
6,00512,673,333,713,397,0.9805951
6,00120,605,241,641,283,0.9589241
6,00457,305,119,319,136,0.9850889
6,00457,340,132,353,146,0.96502656
6,00457,349,115,363,131,0.9637192
6,00457,289,135,299,148,0.8347995
6,00457,392,145,419,175,0.8301993
6,00304,243,97,250,105,0.69048584
6,00414,324,118,337,135,0.99170095
6,00414,285,107,294,118,0.971991
6,00414,306,118,318,133,0.81691885
6,00414,275,114,286,128,0.6182545
6,00414,300,122,309,133,0.608986
6,00414,273,124,281,133,0.54666686
6,00414,270,116,278,126,0.5386256
6,00357,278,102,289,115,0.94112587
6,00204,312,117,323,131,0.8335044
6,00204,292,110,303,125,0.78126806
6,00204,661,121,671,134,0.6973678
6,00476,304,125,323,148,0.9916803
6,00476,376,122,393,140,0.9766698
6,00476,377,145,394,165,0.8539237
6,00476,577,399,593,422,0.5766042
6,00489,411,132,428,152,0.99097544
6,00489,341,130,361,155,0.98737353
6,00349,287,101,298,114,0.907097
6,00349,271,108,281,120,0.67463005
6,00349,252,103,260,113,0.6156163
6,00435,335,121,353,142,0.9879737
6,00435,282,114,293,128,0.9729024
6,00435,306,121,319,136,0.9721337
6,00435,271,127,279,137,0.80791205
6,00435,274,122,285,135,0.5881924
6,00451,297,118,308,132,0.981845
6,00451,332,132,345,148,0.9793305
6,00451,350,114,363,129,0.97852975
6,00451,287,133,297,145,0.88103527
6,00451,292,125,305,142,0.7129444
6,00248,289,102,298,113,0.85169363
6,00248,264,99,272,109,0.7729133
6,00127,510,218,537,245,0.7278265
6,00449,284,115,296,130,0.9924016
6,00449,345,114,357,129,0.9823377
6,00449,330,132,343,148,0.95856124
6,00360,280,104,289,115,0.6569167
6,00360,252,100,261,111,0.6281609
6,00445,313,126,326,142,0.98780733
6,00445,277,114,291,132,0.98227316
6,00445,351,129,371,152,0.98175675
6,00445,290,134,299,145,0.82213634
6,00445,351,116,360,127,0.67584866
6,00166,322,115,332,128,0.8307207
6,00442,350,130,368,151,0.9909655
6,00442,271,114,285,130,0.98440707
6,00442,317,123,330,138,0.970159
6,00442,285,127,296,142,0.95489985
6,00442,342,116,353,128,0.72789496
6,00442,349,112,358,123,0.5226389
6,00232,273,99,283,113,0.6755927
6,00232,295,105,304,117,0.5472628
6,00232,269,98,277,110,0.501642
6,00228,275,106,286,120,0.5438574
6,00420,323,117,338,136,0.9917006
6,00420,283,110,295,124,0.9580258
6,00420,306,110,319,125,0.8799951
6,00420,297,122,306,134,0.5146837
6,00203,315,118,328,133,0.6980334
6,00203,292,111,306,130,0.53376174
6,00402,310,113,322,128,0.98180723
6,00402,333,105,342,117,0.9762808
6,00402,280,103,291,116,0.9626343
6,00151,348,124,366,146,0.8194072
6,00504,448,141,471,168,0.9921434
6,00504,523,241,566,293,0.75597835
6,00371,294,106,304,120,0.97348875
6,00371,264,104,274,117,0.9122793
6,00371,317,103,325,113,0.873278
6,00371,270,111,278,120,0.55386657
6,00427,325,119,339,137,0.99222505
6,00427,287,111,299,126,0.90884554
6,00427,308,109,320,123,0.83751816
6,00427,306,106,315,116,0.69404966
6,00427,292,125,301,138,0.68202174
6,00509,479,142,507,176,0.9760572
6,00509,611,277,657,339,0.951839
6,00441,341,128,358,149,0.98825943
6,00441,278,116,290,131,0.97577184
6,00441,313,124,325,138,0.97565913
6,00441,284,122,296,137,0.9432315
6,00441,661,122,671,135,0.886406
6,00441,349,115,360,127,0.83404815
6,00178,336,129,351,147,0.97425544
6,00321,272,101,279,111,0.80281144
6,00128,505,203,535,233,0.73233336
6,00364,285,105,295,118,0.96004784
6,00364,256,104,264,114,0.8710106
6,00505,462,142,486,172,0.98795986
6,00383,325,103,335,116,0.96295166
6,00383,305,112,315,125,0.94656855
6,00383,274,101,284,113,0.9196221
6,00430,326,118,342,138,0.9860364
6,00430,286,112,299,128,0.9735691
6,00430,284,109,293,120,0.63394505
6,00237,265,98,274,110,0.84444755
6,00493,407,129,427,152,0.98968494
6,00493,339,135,362,164,0.98259324
6,00373,293,107,302,118,0.97060454
6,00373,317,104,326,114,0.93330026
6,00373,266,104,275,115,0.825798
6,00201,292,111,304,125,0.8944631
6,00201,320,117,331,130,0.8425238
6,00467,352,120,366,136,0.97240156
6,00467,347,137,362,156,0.9650571
6,00467,288,122,305,142,0.9415035
6,00467,298,135,314,152,0.89348245
6,00464,305,120,319,136,0.9771912
6,00464,293,136,306,153,0.9555833
6,00464,340,130,355,148,0.94901055
6,00464,410,158,444,194,0.72400177
6,00464,340,115,351,127,0.634273
6,00145,450,148,465,167,0.7093068
6,00186,299,111,313,129,0.93058133
6,00186,343,112,359,131,0.8902561
6,00507,472,144,499,176,0.99265045
6,00507,557,254,602,310,0.5202464
6,00172,314,116,329,134,0.7019386
6,00172,350,130,365,147,0.6904691
6,00172,299,129,314,148,0.6165317
6,00157,333,119,350,139,0.9573984
6,00185,294,110,309,128,0.9895438
6,00185,340,127,353,142,0.78540486
6,00185,349,116,364,134,0.7446614
6,00272,262,93,277,109,0.8277452
6,00468,289,120,305,140,0.98858225
6,00468,355,120,369,137,0.98633635
6,00468,301,143,316,159,0.6224191
6,00447,323,131,336,146,0.98641545
6,00447,281,116,293,131,0.9861265
6,00447,349,119,361,132,0.96898246
6,00447,368,137,387,159,0.9648102
6,00447,294,136,303,147,0.75285757
6,00447,291,127,302,142,0.7392003
6,00425,319,118,334,136,0.98921776
6,00425,284,111,294,123,0.9656165
6,00425,306,106,316,116,0.76975834
6,00425,308,110,321,125,0.73105794
6,00425,299,122,308,133,0.52542156
6,00123,560,222,583,250,0.9743916
6,00206,290,111,306,129,0.53742033
6,00496,424,133,445,158,0.9924454
6,00496,353,144,375,169,0.9449511
6,00407,314,114,327,130,0.9717129
6,00407,334,107,344,119,0.9666567
6,00407,285,105,294,116,0.9645591
6,00407,270,115,278,125,0.7544688
6,00182,337,126,352,144,0.96526617
6,00182,301,113,314,130,0.94403
6,00440,338,126,355,146,0.9904026
6,00440,280,112,292,128,0.9807823
6,00440,313,123,325,138,0.9660805
6,00440,349,116,361,129,0.8509676
6,00440,286,126,298,140,0.76385325
6,00440,662,122,671,133,0.6430022
6,00194,297,114,307,126,0.7505481
6,00194,289,123,299,135,0.67214257
6,00180,301,115,314,132,0.940304
6,00180,339,125,349,137,0.81813604
6,00462,351,118,363,132,0.9701623
6,00462,343,133,357,150,0.95526433
6,00462,301,120,315,137,0.94700336
6,00462,304,137,317,152,0.6412247
6,00345,256,101,264,112,0.6040299
6,00345,289,99,298,110,0.572472
6,00146,385,155,401,173,0.71413213
6,00146,359,125,378,149,0.7077653
6,00146,476,381,492,408,0.50862914
6,00179,339,131,352,148,0.96638906
6,00179,302,112,316,130,0.96492076
6,00179,356,120,369,135,0.53529423
6,00164,338,296,348,309,0.9455658
6,00164,323,116,332,126,0.767525
6,00238,266,100,275,112,0.6742101
6,00386,323,102,333,115,0.94964343
6,00386,306,111,316,125,0.949268
6,00386,269,102,278,113,0.55579436
6,00233,272,101,282,114,0.587439
6,00139,447,172,465,191,0.7116046
6,00366,287,106,296,118,0.9810255
6,00366,316,103,324,113,0.8673298
6,00366,255,103,264,115,0.8443952
6,00366,260,109,267,117,0.68455327
6,00448,281,120,295,136,0.98775
6,00448,345,115,355,127,0.9737718
6,00448,328,132,340,146,0.9671729
6,00446,317,130,329,146,0.9811967
6,00446,355,130,375,154,0.9764767
6,00446,279,114,291,129,0.9712995
6,00446,292,127,304,143,0.9199305
6,00446,352,115,362,127,0.6536495
6,00348,287,101,296,111,0.60129863
6,00197,301,122,313,136,0.7547335
6,00197,297,113,309,129,0.65968835
6,00197,313,119,325,134,0.5760667
6,00135,413,158,430,178,0.5630285
6,00174,311,113,323,128,0.9123883
6,00174,349,272,358,284,0.8607112
6,00174,321,264,331,275,0.8589348
6,00368,287,106,297,118,0.9652613
6,00368,262,102,269,111,0.832568
6,00368,258,105,265,113,0.68633634
6,00317,265,102,273,112,0.64044213
6,00500,436,138,458,163,0.9932209
6,00249,264,100,273,111,0.556719
6,00384,325,102,334,114,0.97453725
6,00384,302,109,313,123,0.9627325
6,00384,275,102,285,114,0.94327235
6,00384,270,103,279,113,0.6901508
6,00137,401,133,425,161,0.63413435
6,00148,350,122,370,146,0.51604027
6,00495,424,131,444,155,0.99366874
6,00495,353,136,376,163,0.9824759
6,00165,319,117,339,143,0.97482795
6,00165,362,135,373,148,0.64143574
6,00485,404,128,420,146,0.97610724
6,00485,329,135,347,154,0.9212905
6,00485,600,354,666,445,0.861425
6,00450,348,116,361,132,0.9837367
6,00450,331,131,344,147,0.96765536
6,00450,290,118,302,131,0.95923465
6,00450,286,133,299,148,0.90271276
6,00196,296,114,307,127,0.8034605
6,00226,325,185,338,200,0.55507743
6,00491,333,135,356,162,0.9925925
6,00491,412,134,431,154,0.99152774
6,00527,631,235,678,293,0.995837
6,00527,648,364,709,453,0.9373025
6,00510,633,282,680,345,0.9969625
6,00510,494,149,520,180,0.75645155
6,00453,298,116,312,133,0.9863317
6,00453,334,131,349,149,0.97700787
6,00453,344,115,356,129,0.97374004
6,00453,283,136,296,152,0.9538361
6,00453,382,138,405,165,0.89343226
6,00437,344,123,363,145,0.99066883
6,00437,314,123,325,137,0.9719829
6,00437,274,116,286,130,0.954938
6,00437,282,122,292,134,0.77603716
6,00437,340,113,352,127,0.7721085
6,00395,305,111,319,126,0.94712925
6,00395,267,105,277,116,0.8755271
6,00433,341,122,358,142,0.9865283
6,00433,294,112,306,127,0.96214485
6,00433,320,121,331,135,0.8714289
6,00433,271,119,281,132,0.7651518
6,00433,328,116,340,130,0.688259
6,00482,322,134,341,156,0.9887349
6,00482,394,125,410,143,0.98654294
