2,192,467,102,507,193,0.95758647,person
2,139,420,124,509,351,0.99820113,person
2,117,254,160,432,480,0.99872524,person
2,166,436,115,485,255,0.98490494,person
2,539,29,212,252,475,0.99317765,person
2,144,418,125,499,332,0.9968484,person
2,517,301,148,404,417,0.9992506,person
2,122,319,146,457,478,0.9989034,person
2,193,469,96,507,197,0.9623603,person
2,193,456,115,617,201,0.5511259,bench
2,171,438,103,495,241,0.988452,person
2,544,0,274,200,474,0.98755383,person
2,518,284,141,397,424,0.9987708,person
2,123,316,149,478,471,0.99933904,person
2,545,3,269,175,474,0.95942074,person
2,150,424,128,501,304,0.99543923,person
2,523,221,156,340,469,0.9981084,person
2,501,377,122,461,316,0.99684346,person
2,437,498,92,531,182,0.92675376,person
2,486,424,114,484,265,0.9815149,person
2,502,369,123,459,317,0.99723226,person
2,491,411,119,479,279,0.99771273,person
2,216,508,85,538,179,0.7849252,person
2,178,455,104,504,227,0.9791052,person
2,243,531,72,559,160,0.55704635,person
2,465,477,106,522,208,0.718162,person
2,443,495,88,532,190,0.7984515,person
2,492,412,114,479,285,0.99518305,person
2,470,469,105,514,226,0.96173054,person
2,108,67,208,284,475,0.98777115,person
2,179,456,101,507,224,0.9482639,person
2,157,440,119,503,279,0.9925062,person
2,135,408,128,515,381,0.9988348,person
2,184,455,103,504,216,0.96828765,person
2,162,438,118,495,264,0.90473646,person
2,109,94,214,297,474,0.99392736,person
2,136,412,124,508,376,0.99812144,person
2,509,340,133,436,359,0.99847585,person
2,114,206,173,384,480,0.99686015,person
2,163,432,120,495,262,0.99107367,person
2,536,49,197,274,475,0.9923768,person
2,141,412,124,506,345,0.9983053,person
2,514,310,143,422,390,0.9988361,person
2,190,468,99,507,194,0.87127256,person
2,541,1,238,228,478,0.9873301,person
2,499,402,125,469,307,0.99335974,person
2,515,312,139,424,398,0.9980471,person
2,477,442,112,494,241,0.96199113,person
2,477,436,130,627,230,0.5150554,bench
2,120,294,154,441,476,0.9983901,person
2,542,0,248,224,476,0.9871431,person
2,520,250,150,391,441,0.99951124,person
2,207,500,97,540,190,0.7132004,person
2,212,509,94,541,183,0.8280115,person
2,434,502,97,533,180,0.5695517,person
2,483,434,113,490,259,0.97452784,person
2,148,416,121,498,311,0.9973469,person
2,213,504,98,536,180,0.6947421,person
2,175,454,104,501,234,0.95762914,person
2,440,499,95,533,186,0.9242764,person
2,149,421,129,498,307,0.99403,person
2,127,360,148,474,446,0.9984907,person
2,105,4,249,237,468,0.98010296,person
2,176,452,103,502,232,0.96617246,person
2,154,437,120,505,287,0.9947737,person
2,527,175,153,317,476,0.9984975,person
2,132,399,129,498,398,0.9985732,person
2,181,455,106,504,227,0.97200036,person
2,106,21,252,270,470,0.9855032,person
2,528,165,159,303,478,0.9959986,person
2,133,407,128,506,394,0.9981394,person
2,506,357,131,441,343,0.99664515,person
2,468,472,107,516,222,0.8086267,person
2,111,147,183,370,479,0.9955082,person
2,160,443,121,502,270,0.97102755,person
2,533,106,183,273,476,0.9951114,person
2,511,341,139,427,369,0.9980494,person
2,469,472,104,519,223,0.50066936,person
2,496,397,115,471,294,0.9970481,person
2,512,332,138,425,374,0.9979417,person
2,474,449,104,503,238,0.98449683,person
2,188,464,99,501,209,0.9407117,person
2,204,491,72,533,191,0.7797218,person
2,475,451,104,500,242,0.9690681,person
2,453,492,99,526,188,0.8633016,person
2,480,436,115,490,244,0.9770801,person
2,118,263,169,443,477,0.99838006,person
2,189,463,104,504,201,0.95679384,person
2,78,414,39,612,210,0.5000131,car
2,167,436,118,486,255,0.99243164,person
2,145,415,127,496,324,0.9977012,person
2,194,472,98,508,195,0.73286337,person
2,210,489,27,542,189,0.714153,person
2,432,502,88,536,178,0.6177223,person
2,172,448,111,497,242,0.9692747,person
2,119,282,157,446,474,0.99852437,person
2,146,410,129,493,318,0.99752194,person
2,519,262,145,395,436,0.9992986,person
2,124,319,153,475,474,0.99940896,person
2,173,446,103,501,246,0.98062,person
2,151,430,117,504,304,0.99727684,person
2,524,197,148,336,470,0.99917847,person
2,438,495,92,534,184,0.96663785,person
2,525,174,164,336,474,0.9984952,person
2,487,428,113,487,265,0.98883003,person
2,130,383,133,499,410,0.99884653,person
2,503,362,123,450,327,0.9969404,person
2,530,122,173,301,480,0.99821043,person
2,439,496,90,532,184,0.95131564,person
2,488,428,117,485,267,0.98754066,person
2,466,475,104,520,218,0.9405242,person
2,444,493,95,529,191,0.9708548,person
2,493,414,118,478,286,0.9915052,person
2,471,461,106,510,230,0.9585032,person
2,158,442,119,505,279,0.98477244,person
2,185,460,101,500,214,0.9733421,person
2,472,455,101,505,233,0.9639669,person
2,159,439,117,502,272,0.9913667,person
2,137,414,119,503,364,0.9972247,person
2,115,228,179,393,472,0.99666804,person
2,186,462,101,504,214,0.8789626,person
2,164,431,118,492,260,0.99218315,person
2,537,30,219,271,478,0.99253875,person
2,142,418,122,504,343,0.9982881,person
2,191,466,100,508,199,0.97970575,person
2,116,251,166,412,476,0.9985072,person
2,538,31,213,260,478,0.99256414,person
2,143,419,125,501,335,0.99717283,person
2,516,310,141,414,404,0.9990194,person
2,478,437,106,494,246,0.98211217,person
2,121,309,156,446,480,0.9982108,person
2,170,434,110,490,241,0.99114096,person
2,543,0,304,203,477,0.98608255,person
2,521,243,146,372,454,0.999332,person
2,208,500,92,540,183,0.9285961,person
2,479,437,110,494,244,0.9891978,person
2,435,480,28,541,180,0.7978853,person
2,522,237,150,354,465,0.9991184,person
2,484,426,110,486,257,0.99174434,person
2,500,393,119,466,310,0.9966601,person
2,214,505,98,538,182,0.83083797,person
2,485,425,115,483,259,0.98917574,person
2,463,407,44,612,217,0.58616614,car
2,463,477,101,520,210,0.5171817,person
2,441,499,96,533,189,0.84701014,person
2,490,416,113,483,275,0.99598145,person
2,128,367,136,487,433,0.99892396,person
2,177,452,104,505,233,0.9864027,person
2,155,440,122,507,285,0.99147344,person
2,442,498,94,531,189,0.87511426,person
2,182,457,102,501,220,0.97309214,person
2,129,371,149,494,428,0.9983224,person
2,107,46,235,285,468,0.9898225,person
2,156,440,113,509,285,0.99169767,person
2,529,149,176,293,477,0.99826473,person
2,134,405,120,513,382,0.99925965,person
2,507,342,126,441,345,0.9985482,person
2,112,168,197,387,480,0.9975757,person
2,183,456,105,503,225,0.96683246,person
2,161,442,117,501,267,0.9616495,person
2,534,96,194,264,478,0.993898,person
2,508,340,134,441,355,0.9986827,person
2,113,194,180,391,476,0.99666876,person
2,448,494,98,529,193,0.5716365,person
2,535,76,203,260,478,0.99250305,person
2,497,393,118,472,300,0.9974281,person
2,140,411,124,507,348,0.99849415,person
2,513,319,137,425,377,0.99879897,person
2,540,21,236,244,476,0.98268694,person
2,449,493,94,531,193,0.8708468,person
2,498,403,113,473,301,0.9960515,person
2,476,447,108,497,235,0.97888345,person
2,481,436,107,493,253,0.98556745,person
2,206,501,101,533,190,0.7743067,person
2,168,435,108,491,254,0.9851372,person
2,433,500,95,533,175,0.8805595,person
2,482,438,119,489,253,0.97198176,person
2,169,432,112,492,253,0.99114424,person
2,147,412,122,498,319,0.9979705,person
2,125,334,144,459,464,0.99884486,person
2,174,448,102,502,238,0.9728286,person
2,152,433,128,506,301,0.9949827,person
2,126,344,142,462,460,0.99768114,person
2,153,434,123,505,293,0.99475336,person
2,526,169,163,334,473,0.9988385,person
2,131,391,118,495,402,0.9980804,person
2,504,367,118,443,327,0.99478537,person
2,180,455,101,508,229,0.929573,person
2,531,96,192,302,480,0.9971769,person
2,218,512,95,543,181,0.6650025,person
2,489,424,115,484,273,0.99304366,person
2,505,362,133,442,333,0.99722505,person
2,467,475,98,519,223,0.5623704,person
2,110,128,204,328,475,0.9912622,person
2,445,494,99,526,190,0.92250973,person
2,532,105,187,294,476,0.996316,person
2,494,409,118,474,291,0.9957748,person
2,510,342,134,432,360,0.9964791,person
2,219,511,98,541,180,0.7344555,person
2,446,494,102,531,192,0.7323067,person
2,495,407,113,472,291,0.99510276,person
2,473,449,103,501,233,0.9708292,person
2,451,492,97,531,189,0.93434083,person
2,138,418,126,507,366,0.9989832,person
2,187,463,99,500,211,0.85272133,person
2,165,432,115,488,257,0.99453473,person
2,165,432,113,621,237,0.5039291,bench
4,403,517,95,545,155,0.8726918,person
4,230,521,92,552,170,0.92104834,person
4,452,489,99,529,197,0.97817695,person
4,192,467,101,506,203,0.9844168,person
4,430,500,97,534,178,0.93820435,person
4,139,412,128,507,349,0.99843186,person
4,117,263,165,443,480,0.99826115,person
4,166,434,116,486,253,0.9907821,person
4,539,30,237,251,475,0.9903287,person
4,539,428,120,608,197,0.5381757,bench
4,144,417,128,498,325,0.99678963,person
4,517,289,142,400,426,0.9987866,person
4,122,317,142,472,474,0.99970657,person
4,193,469,101,507,207,0.9818188,person
4,193,441,117,615,195,0.5167036,bench
4,171,440,106,496,241,0.9892747,person
4,544,0,287,192,474,0.98851484,person
4,518,268,136,397,432,0.997113,person
4,123,315,149,481,471,0.99974173,person
4,458,481,103,521,206,0.98087054,person
4,150,431,123,504,302,0.9922631,person
4,523,204,152,339,475,0.9991843,person
4,501,370,120,460,316,0.99802077,person
4,237,528,88,555,169,0.8770084,person
4,459,480,106,522,209,0.9672637,person
4,72,431,112,610,185,0.5096802,bench
4,215,507,93,538,180,0.91130877,person
4,437,495,94,532,181,0.97128737,person
4,415,510,95,537,165,0.500459,person
4,486,428,110,486,263,0.9788848,person
4,502,363,123,455,326,0.9978143,person
4,464,475,103,519,217,0.9806089,person
4,491,412,116,477,285,0.99619615,person
4,216,510,94,538,176,0.77711326,person
4,178,455,107,503,226,0.9729489,person
4,378,535,86,558,149,0.57963955,person
4,465,474,104,517,219,0.9803751,person
4,221,513,91,541,174,0.86493593,person
4,443,491,96,531,191,0.9789786,person
4,421,505,95,536,170,0.9392534,person
4,492,412,114,478,283,0.9941094,person
4,470,461,105,510,228,0.97860956,person
4,470,457,131,606,210,0.53095686,bench
4,108,80,215,292,477,0.9880625,person
4,179,453,103,502,229,0.9879353,person
4,73,441,110,610,185,0.5813522,bench
4,157,443,120,506,278,0.99324715,person
4,157,473,113,611,210,0.5059215,bench
4,379,534,86,559,152,0.62549347,person
4,135,409,128,510,378,0.99877805,person
4,184,457,97,499,214,0.98718923,person
4,200,491,99,528,192,0.9564715,person
4,422,510,92,538,165,0.73869026,person
4,162,433,119,494,261,0.99226236,person
4,109,124,213,326,478,0.98853964,person
4,109,424,97,616,186,0.5100827,bench
4,136,414,123,504,367,0.9981766,person
4,509,343,128,433,360,0.9985507,person
4,114,221,170,389,479,0.9946814,person
4,163,427,120,493,261,0.9855525,person
4,536,35,216,275,476,0.99348176,person
4,141,414,125,504,342,0.9983537,person
4,514,308,141,424,398,0.9980463,person
4,190,461,100,508,204,0.9893533,person
4,541,0,243,226,476,0.985463,person
4,228,522,100,550,167,0.67454267,person
4,428,504,92,537,173,0.9517436,person
4,499,394,122,468,312,0.9945722,person
4,515,312,136,419,400,0.9992731,person
4,515,451,100,609,189,0.5024491,bench
4,477,439,108,495,240,0.98455596,person
4,120,304,156,447,480,0.9988293,person
4,542,0,284,210,476,0.99292773,person
4,520,243,145,381,462,0.9993918,person
4,229,520,88,554,175,0.8552961,person
4,207,498,93,538,183,0.95910186,person
4,429,502,96,534,174,0.93051946,person
4,407,522,64,602,152,0.5734502,car
4,234,526,86,555,168,0.84236676,person
4,456,483,103,521,206,0.9626689,person
4,212,502,90,540,182,0.92723984,person
4,434,500,94,532,179,0.95224553,person
4,483,427,110,486,255,0.99206114,person
4,461,473,103,518,213,0.9814889,person
4,148,420,123,497,311,0.9968381,person
4,197,479,100,519,192,0.94983774,person
4,213,504,92,538,182,0.9370189,person
4,175,450,108,501,231,0.9737206,person
4,175,428,127,613,212,0.5521191,bench
4,397,514,90,538,148,0.7122467,person
4,413,511,92,538,168,0.8974217,person
4,375,532,84,559,151,0.7117813,person
4,462,474,106,521,218,0.9750303,person
4,440,497,95,532,185,0.96665645,person
4,149,424,123,500,305,0.9966407,person
4,127,365,136,483,433,0.9974184,person
4,105,11,247,276,469,0.98856074,person
4,176,450,105,501,228,0.9865159,person
4,90,426,110,610,187,0.55297196,bench
4,154,437,116,508,286,0.9952194,person
4,527,170,157,307,471,0.99808925,person
4,76,444,97,604,177,0.51355517,bench
4,132,403,131,505,400,0.998283,person
4,181,453,101,500,222,0.9845051,person
4,181,424,120,604,209,0.50034225,bench
4,106,35,255,295,471,0.9894338,person
4,528,152,176,296,479,0.99862456,person
4,268,545,83,570,152,0.701983,person
4,133,405,124,513,388,0.99874794,person
4,506,345,127,442,343,0.99837565,person
4,468,469,106,515,223,0.978303,person
4,111,160,185,386,480,0.9919858,person
4,160,439,118,502,271,0.9904351,person
4,533,101,193,266,480,0.9906343,person
4,511,335,138,428,378,0.9985764,person
4,469,468,101,513,224,0.9763724,person
4,469,466,137,620,214,0.5187985,bench
4,225,515,93,547,176,0.88497585,person
4,447,492,101,532,192,0.9724205,person
4,425,506,86,538,173,0.7764434,person
4,496,394,116,473,299,0.998221,person
4,98,428,103,605,183,0.50938106,bench
4,512,320,131,427,377,0.9992719,person
4,474,450,103,500,234,0.983889,person
4,226,518,89,547,173,0.61371976,person
4,188,461,102,502,209,0.9808896,person
4,204,494,95,532,189,0.96208197,person
4,426,500,96,532,171,0.9650482,person
4,404,517,93,543,153,0.8554768,person
4,475,450,105,498,237,0.9817894,person
4,231,522,92,553,172,0.8377466,person
4,453,488,103,528,197,0.9457072,person
4,71,434,107,616,196,0.7066734,bench
4,431,499,95,536,179,0.9362667,person
4,480,435,109,492,252,0.9923069,person
4,118,267,161,448,475,0.999204,person
4,189,466,103,507,204,0.973841,person
4,78,427,109,610,193,0.5397022,bench
4,167,434,112,491,253,0.9877499,person
4,145,412,128,495,322,0.99715364,person
4,194,474,102,512,203,0.97348356,person
4,210,504,97,534,182,0.85359365,person
4,432,499,97,535,177,0.95934063,person
4,172,444,106,499,238,0.9879408,person
4,119,290,153,445,477,0.99885714,person
4,372,534,77,560,147,0.67186916,person
4,146,413,127,496,320,0.9983627,person
4,519,253,149,395,438,0.9969501,person
4,124,332,146,464,465,0.99952006,person
4,102,428,119,610,194,0.7526835,bench
4,173,444,102,500,237,0.9916161,person
4,151,431,124,503,304,0.99529785,person
4,524,178,150,338,474,0.99759066,person
4,58,425,138,602,194,0.5549797,bench
4,238,527,63,558,164,0.64754814,person
4,438,492,99,533,184,0.97847545,person
4,525,167,161,334,472,0.9990972,person
4,487,428,116,486,265,0.99291694,person
4,130,388,133,500,403,0.99813265,person
4,503,367,122,447,331,0.99658597,person
4,530,104,184,305,475,0.9946115,person
4,239,531,88,557,161,0.77231467,person
4,217,511,94,542,179,0.91011053,person
4,439,496,98,533,185,0.94984025,person
4,417,511,89,536,164,0.87835854,person
4,488,423,118,486,274,0.9926455,person
4,466,472,101,517,223,0.9882499,person
4,222,514,85,544,175,0.6353125,person
4,444,489,98,528,190,0.9736235,person
4,493,411,118,474,286,0.9915242,person
4,471,457,103,506,231,0.9745259,person
4,471,452,131,614,212,0.5509582,bench
4,158,439,120,502,272,0.99392927,person
4,11,447,39,599,166,0.64636403,car
4,223,513,89,546,175,0.88257474,person
4,185,459,101,500,215,0.9845048,person
4,185,438,129,611,206,0.5416753,bench
4,201,490,93,531,189,0.97291374,person
4,423,510,93,536,169,0.8712811,person
4,472,452,102,502,231,0.98857075,person
4,18,442,110,605,186,0.63588315,bench
4,450,492,102,532,191,0.96751326,person
4,89,430,126,609,195,0.5684738,bench
4,159,439,118,501,270,0.9938087,person
4,137,417,126,506,376,0.99836487,person
4,115,244,165,408,476,0.9937895,person
4,186,459,102,501,212,0.97657293,person
4,164,431,117,491,254,0.96194535,person
4,537,33,215,268,477,0.99023193,person
4,142,419,121,504,342,0.99763083,person
4,191,461,103,506,207,0.9882058,person
4,116,251,158,429,480,0.9993123,person
4,538,34,217,262,475,0.9887326,person
4,143,419,129,501,338,0.99634546,person
4,516,305,140,408,406,0.99941695,person
4,478,434,110,495,241,0.9935335,person
4,121,320,145,453,478,0.99938464,person
4,170,437,107,492,246,0.9900893,person
4,543,0,275,200,475,0.9930744,person
4,521,240,144,361,461,0.9988753,person
4,521,431,115,607,196,0.6158681,bench
4,208,501,96,540,186,0.9438116,person
4,408,512,84,540,160,0.5622987,person
4,479,432,116,492,245,0.98960704,person
4,235,525,86,555,172,0.84061366,person
4,457,483,101,524,206,0.9694586,person
4,435,501,94,531,179,0.94665605,person
4,522,228,157,347,473,0.99880624,person
4,484,424,113,486,257,0.9922219,person
4,500,383,121,462,315,0.996439,person
4,209,504,91,537,182,0.8497935,person
4,13,430,112,614,186,0.6427655,bench
4,236,527,93,554,174,0.8273027,person
4,198,481,99,521,195,0.97585416,person
4,214,501,93,537,180,0.9411093,person
4,436,497,97,532,185,0.9432288,person
4,414,510,90,536,161,0.8187253,person
4,485,421,117,484,263,0.99134666,person
4,241,530,74,560,162,0.62235427,person
4,463,474,101,521,218,0.9716951,person
4,441,496,98,532,188,0.9599822,person
4,490,410,119,479,273,0.9949332,person
4,128,369,134,493,439,0.99875367,person
4,199,487,96,524,192,0.96908945,person
4,177,454,106,501,230,0.9826004,person
4,177,436,129,613,212,0.56555754,bench
4,155,439,118,509,286,0.9935741,person
4,377,532,71,557,150,0.5161059,person
4,220,511,90,542,174,0.91291046,person
4,442,493,98,532,188,0.9571119,person
4,182,453,100,501,222,0.99159384,person
4,14,436,124,605,192,0.52854246,bench
4,420,507,96,534,168,0.543437,person
4,129,376,131,497,425,0.9989249,person
4,382,529,61,557,152,0.5081594,person
4,85,428,116,611,198,0.66109294,bench
4,107,51,217,286,477,0.98535824,person
4,156,442,118,505,277,0.9929945,person
4,529,131,174,299,477,0.9976199,person
4,134,405,127,515,386,0.99908864,person
4,507,339,128,441,344,0.9988367,person
4,112,189,188,397,475,0.9978556,person
4,112,427,110,608,185,0.58995664,bench
4,183,455,104,502,218,0.9822473,person
4,161,437,122,498,264,0.935245,person
4,161,458,109,609,207,0.59930724,bench
4,312,439,113,611,187,0.5769558,bench
4,383,587,34,712,135,0.6259838,potted plant
4,383,525,55,556,151,0.56987506,person
4,534,83,208,260,478,0.9898839,person
4,508,339,131,437,360,0.9990134,person
4,113,202,170,386,480,0.9930989,person
4,448,490,98,531,192,0.9714976,person
4,535,57,194,269,479,0.9966864,person
4,497,400,117,473,304,0.99734986,person
4,140,410,127,506,350,0.9987405,person
4,513,309,137,425,385,0.99911076,person
4,540,11,241,229,476,0.99017394,person
4,449,492,97,537,203,0.94593847,person
4,205,500,100,533,190,0.93590176,person
4,427,501,97,532,170,0.9462968,person
4,498,401,115,469,310,0.9932327,person
4,405,517,92,544,152,0.8742517,person
4,476,442,111,496,241,0.98782325,person
4,232,525,79,553,172,0.7774261,person
4,454,483,101,523,197,0.9286537,person
4,454,471,117,613,199,0.503683,bench
4,481,436,114,490,250,0.9921692,person
4,206,499,95,536,184,0.95331883,person
4,168,426,111,494,253,0.994128,person
4,368,538,75,567,144,0.584866,person
4,455,480,99,523,203,0.95078796,person
4,195,475,97,516,199,0.9758066,person
4,195,484,145,609,198,0.5759371,bench
4,211,506,95,541,183,0.9178039,person
4,433,499,96,534,179,0.9618161,person
4,482,435,115,487,254,0.9926529,person
4,460,475,102,521,209,0.971872,person
4,169,430,114,492,247,0.8188225,person
4,147,415,127,499,315,0.9971403,person
4,125,339,142,459,459,0.99830484,person
4,196,478,101,518,197,0.9807717,person
4,174,447,104,501,237,0.98983455,person
4,152,432,128,507,299,0.99663275,person
4,374,534,86,558,147,0.7966689,person
4,126,353,143,471,455,0.99912196,person
4,104,1,243,216,469,0.9929899,person
4,153,437,117,505,286,0.9959155,person
4,526,172,154,323,478,0.9985519,person
4,131,394,126,500,403,0.99751055,person
4,504,363,121,441,331,0.9956976,person
4,180,452,107,503,223,0.98807317,person
4,380,531,88,554,153,0.8029388,person
4,531,101,188,298,477,0.9962746,person
4,218,510,93,542,178,0.95678806,person
4,418,510,91,535,166,0.90728724,person
4,489,415,113,483,271,0.9938198,person
4,505,359,134,440,342,0.9977252,person
4,26,434,126,610,199,0.57363516,bench
4,467,468,107,517,221,0.9876961,person
4,110,144,193,358,480,0.99420965,person
4,110,430,109,612,186,0.518577,bench
4,445,492,99,531,189,0.9710255,person
4,532,106,181,280,480,0.9899873,person
4,494,407,113,471,293,0.9949528,person
4,510,341,136,430,365,0.99783415,person
4,219,509,91,544,175,0.9538358,person
4,419,507,94,535,165,0.90938044,person
4,224,514,93,546,174,0.9425272,person
4,446,493,98,533,191,0.9633888,person
4,202,492,98,532,191,0.97818565,person
4,424,507,97,535,174,0.93720037,person
4,495,399,113,473,293,0.9974859,person
4,473,447,108,502,231,0.9922093,person
4,451,490,99,532,191,0.962446,person
4,138,419,130,506,356,0.9984964,person
4,187,458,100,502,209,0.9875629,person
4,203,492,92,533,190,0.9535489,person
4,165,432,114,489,254,0.99218255,person
6,403,513,85,544,156,0.8476847,person
6,230,519,92,549,167,0.9373663,person
6,452,490,99,530,201,0.9684711,person
6,192,462,102,508,204,0.9825637,person
6,430,500,96,533,175,0.963108,person
6,139,414,122,508,358,0.9984465,person
6,392,518,88,545,150,0.8730674,person
6,117,253,160,443,473,0.99875367,person
6,339,528,60,559,137,0.83862615,person
6,166,434,117,486,251,0.9923247,person
6,539,26,233,252,478,0.992015,person
6,144,414,126,500,338,0.9960657,person
6,366,533,67,562,142,0.5710963,person
6,517,294,139,406,426,0.9986802,person
6,122,316,141,467,476,0.9996947,person
6,193,469,98,508,203,0.98565036,person
6,344,532,72,561,138,0.59815806,person
6,171,438,108,494,244,0.992125,person
6,393,519,90,543,147,0.83656293,person
6,544,0,275,201,480,0.9891811,person
6,371,531,81,560,143,0.50572103,person
6,518,273,139,395,428,0.9992924,person
6,258,538,94,565,152,0.864626,person
6,123,314,146,480,473,0.99960405,person
6,458,482,100,522,206,0.97719884,person
6,323,527,64,558,138,0.7950386,person
6,323,552,89,603,142,0.6081207,bench
6,150,428,124,502,302,0.9885379,person
6,523,211,155,342,474,0.9989448,person
6,501,372,116,461,315,0.9974445,person
6,237,526,87,555,170,0.92531157,person
6,459,480,105,521,206,0.97651416,person
6,215,505,93,536,180,0.9184895,person
6,437,494,96,531,184,0.9435449,person
6,264,536,80,568,151,0.5423189,person
6,415,507,94,535,168,0.96348023,person
6,486,425,111,486,263,0.99337125,person
6,502,363,123,457,320,0.9977575,person
6,242,527,88,559,162,0.83686364,person
6,464,475,102,518,217,0.9825252,person
6,491,410,113,480,282,0.9977502,person
6,216,508,96,536,178,0.9594283,person
6,216,532,145,609,176,0.6732879,bench
6,216,528,116,609,176,0.55909294,bench
6,178,452,105,501,227,0.9854074,person
6,416,508,93,536,166,0.93882746,person
6,378,534,88,558,148,0.803479,person
6,378,463,96,487,138,0.7318095,person
6,243,533,86,561,160,0.8257023,person
6,465,475,104,518,221,0.98685956,person
6,221,508,88,540,176,0.94439656,person
6,221,532,108,607,184,0.54719895,bench
6,443,490,95,529,187,0.9627484,person
6,421,504,95,537,170,0.95342326,person
6,492,413,111,479,284,0.99518603,person
6,470,464,106,511,223,0.9840019,person
6,108,67,211,290,479,0.97919685,person
6,179,452,103,503,225,0.98559093,person
6,157,441,119,503,281,0.99467367,person
6,379,528,69,558,150,0.6415689,person
6,135,406,131,518,381,0.9992286,person
6,357,531,66,561,140,0.60709804,person
6,184,455,102,501,216,0.98894495,person
6,335,524,83,544,137,0.67686844,person
6,200,489,101,526,190,0.96126515,person
6,422,507,92,536,170,0.9660215,person
6,162,435,115,496,261,0.9942905,person
6,384,525,72,553,149,0.6636606,person
6,400,516,91,541,155,0.79262584,person
6,109,107,216,308,473,0.99100906,person
6,362,534,83,561,141,0.5139222,person
6,136,412,123,506,369,0.99840623,person
6,509,341,129,440,358,0.9987317,person
6,114,212,166,389,477,0.9942993,person
6,336,526,84,548,136,0.8233054,person
6,163,427,120,494,262,0.9929502,person
6,536,33,209,279,480,0.98481053,person
6,141,413,125,505,345,0.9978897,person
6,514,305,138,425,396,0.9992048,person
6,190,466,99,509,204,0.98959714,person
6,390,518,90,543,152,0.7485707,person
6,390,537,120,606,179,0.5911906,bench
6,541,2,244,223,480,0.9885959,person
6,228,521,92,552,170,0.8735709,person
6,228,543,102,608,175,0.6085508,bench
6,428,503,95,535,175,0.95132035,person
6,499,398,119,468,311,0.9934889,person
6,515,310,134,424,401,0.99847084,person
6,255,527,65,566,149,0.8592559,person
6,477,439,110,494,242,0.9873991,person
6,120,297,151,447,480,0.9987684,person
6,542,0,270,216,473,0.98665464,person
6,520,244,149,386,454,0.9990681,person
6,229,515,90,550,175,0.93921727,person
6,207,498,93,535,182,0.9776744,person
6,429,502,93,535,173,0.95909816,person
6,256,528,66,566,153,0.6401941,person
6,407,515,88,540,161,0.8099826,person
6,234,524,91,552,167,0.8868028,person
6,234,548,143,607,182,0.59048885,bench
6,234,547,119,607,183,0.57705355,bench
6,456,480,104,521,201,0.9840613,person
6,212,502,95,535,179,0.9666059,person
6,212,524,111,606,176,0.5787033,bench
6,212,525,136,606,180,0.5053867,bench
6,434,501,94,533,177,0.96361524,person
6,261,528,70,567,153,0.8806355,person
6,483,428,110,487,255,0.9876304,person
6,461,474,103,517,209,0.985314,person
6,148,417,121,497,312,0.99719965,person
6,197,477,102,517,196,0.98178047,person
6,213,502,96,537,180,0.9514025,person
6,175,450,106,499,232,0.9882642,person
6,397,514,87,541,154,0.8674526,person
6,413,510,93,537,165,0.9338933,person
6,413,533,125,608,176,0.66464794,bench
6,413,535,144,607,179,0.5290117,bench
6,375,534,92,559,149,0.7765972,person
6,240,528,85,558,167,0.8697809,person
6,240,544,113,610,178,0.61818385,bench
6,240,542,144,608,180,0.5061014,bench
6,462,470,107,517,215,0.9864379,person
6,440,495,96,533,186,0.9521434,person
6,149,420,121,498,311,0.9961184,person
6,127,362,126,482,444,0.99904007,person
6,105,7,249,256,471,0.9864609,person
6,176,450,101,500,230,0.99093574,person
6,327,518,79,540,132,0.74560684,person
6,154,435,119,507,285,0.9966967,person
6,376,534,87,559,150,0.70253175,person
6,527,170,153,311,479,0.98213,person
6,132,401,131,506,395,0.99871254,person
6,181,448,103,501,221,0.9913299,person
6,332,517,78,539,134,0.7432616,person
6,381,528,86,554,152,0.75615865,person
6,381,543,99,608,185,0.6111217,bench
6,381,546,126,606,181,0.5213683,bench
6,106,26,261,280,470,0.97545093,person
6,528,161,166,298,479,0.9967505,person
6,268,545,83,571,151,0.68337005,person
6,133,407,122,510,386,0.9987074,person
6,506,349,126,441,346,0.9973061,person
6,468,467,106,515,221,0.98766744,person
6,111,150,187,377,478,0.99667263,person
6,333,519,79,541,134,0.7337677,person
6,295,558,87,600,143,0.5137535,bench
6,160,439,117,506,270,0.990409,person
6,533,100,185,271,480,0.9669397,person
6,360,530,73,562,139,0.6427559,person
6,511,336,139,428,373,0.9989532,person
6,269,547,87,572,150,0.6182832,person
6,247,533,88,562,157,0.87040454,person
6,469,470,101,515,221,0.9821739,person
6,225,514,93,545,173,0.88837415,person
6,225,533,147,607,179,0.50500643,bench
6,447,492,100,530,191,0.9677953,person
6,425,502,95,534,173,0.9021795,person
6,496,392,115,472,297,0.9969938,person
6,512,326,134,429,378,0.99625564,person
6,252,537,92,565,150,0.8649695,person
6,474,448,104,500,236,0.9887371,person
6,226,516,91,545,171,0.88440335,person
6,188,459,102,502,209,0.9825501,person
6,204,493,95,530,190,0.96920353,person
6,426,501,95,533,174,0.9603583,person
6,388,531,99,608,182,0.7838796,bench
6,388,535,140,606,179,0.52153915,bench
6,253,536,82,564,155,0.6717462,person
6,404,515,91,541,157,0.86290157,person
6,475,449,104,497,236,0.98641634,person
6,231,519,88,553,168,0.8924001,person
6,453,488,100,528,205,0.96318805,person
6,71,446,97,604,182,0.7745959,bench
6,431,501,92,532,174,0.9454921,person
6,480,435,108,493,249,0.99410844,person
6,118,261,163,453,480,0.9987924,person
6,189,466,104,507,205,0.97805744,person
6,167,433,116,490,252,0.98913366,person
6,145,408,118,495,321,0.9974195,person
6,194,472,101,510,203,0.96843845,person
6,210,504,98,536,183,0.89661634,person
6,210,526,135,610,182,0.5120434,bench
6,432,500,92,533,176,0.96283317,person
6,172,442,110,498,238,0.99164575,person
6,394,517,88,541,150,0.88190305,person
6,410,512,94,538,163,0.9124204,person
6,119,284,154,445,477,0.99906534,person
6,372,526,76,556,146,0.7014257,person
6,146,409,123,496,318,0.9977041,person
6,519,255,142,393,437,0.9988426,person
6,124,324,141,468,474,0.99961925,person
6,173,442,104,499,239,0.9945023,person
6,151,429,119,504,298,0.99699724,person
6,373,526,85,558,143,0.63876164,person
6,524,183,150,340,475,0.99757594,person
6,238,527,84,556,172,0.9041095,person
6,438,490,100,532,183,0.98160696,person
6,438,516,147,607,181,0.57519704,bench
6,525,169,164,337,474,0.9973084,person
6,265,538,78,567,151,0.6211697,person
6,487,426,113,486,266,0.9947066,person
6,130,385,126,499,409,0.99909604,person
6,503,364,121,453,330,0.9974681,person
6,530,106,172,300,473,0.9812608,person
6,239,528,83,559,170,0.8740427,person
6,217,510,95,541,175,0.9065821,person
6,217,528,112,606,176,0.6014997,bench
6,217,529,135,604,179,0.541564,bench
6,439,493,100,533,186,0.9800222,person
6,266,540,78,567,152,0.5825943,person
6,417,508,92,536,166,0.96690047,person
6,488,425,117,485,271,0.98330057,person
6,244,535,88,562,159,0.8693795,person
6,466,473,101,519,220,0.980172,person
6,222,510,91,543,174,0.8738025,person
6,222,532,105,608,183,0.7054618,bench
6,444,489,97,528,189,0.97172695,person
6,493,411,113,478,286,0.9966898,person
6,471,458,106,508,230,0.9862368,person
6,158,439,119,502,274,0.9937782,person
6,223,513,91,544,175,0.9152711,person
6,223,537,113,609,183,0.6693981,bench
6,223,537,140,608,180,0.50790447,bench
6,185,458,101,500,214,0.9930791,person
6,82,484,83,610,184,0.5050698,bench
6,201,490,95,528,189,0.96273947,person
6,423,507,93,536,172,0.97099847,person
6,385,522,89,548,149,0.83086044,person
6,250,538,89,563,154,0.8051677,person
6,401,515,91,541,154,0.90064585,person
6,472,452,104,501,229,0.98938936,person
6,450,492,100,531,197,0.9780059,person
6,159,439,112,503,272,0.99598145,person
6,137,415,120,505,370,0.99786144,person
6,115,235,168,401,470,0.99473745,person
6,186,458,102,500,212,0.9897198,person
6,337,532,87,550,136,0.71915025,person
6,164,429,118,494,256,0.8799016,person
6,386,522,93,546,149,0.7534366,person
6,537,30,236,268,477,0.9783035,person
6,142,416,126,505,342,0.99916327,person
6,191,459,104,508,205,0.98187065,person
6,342,531,70,561,138,0.54464215,person
6,391,516,88,542,151,0.8704433,person
6,116,255,159,423,478,0.99793196,person
6,538,27,215,264,479,0.97962636,person
6,143,415,126,505,341,0.9993247,person
6,516,308,137,413,409,0.9988009,person
6,478,438,109,495,244,0.9932823,person
6,121,312,155,452,479,0.9987576,person
6,170,429,108,494,247,0.9930514,person
6,321,534,69,566,137,0.51060694,person
6,543,0,286,205,476,0.9900558,person
6,521,241,142,365,462,0.9979533,person
6,208,499,96,539,187,0.943504,person
6,208,526,145,606,182,0.52899057,bench
6,257,534,80,564,148,0.5462332,person
6,408,513,90,539,163,0.9082874,person
6,479,436,112,493,246,0.9905743,person
6,235,523,93,552,164,0.90112805,person
6,235,545,103,609,186,0.54859596,bench
6,457,480,101,523,204,0.9740956,person
6,435,498,96,532,183,0.97202635,person
6,522,230,151,354,464,0.99879175,person
6,262,536,81,566,154,0.656323,person
6,484,425,110,485,255,0.9857772,person
6,500,385,121,463,317,0.99703,person
6,209,502,95,539,183,0.9454284,person
6,409,510,87,538,163,0.90382695,person
6,236,523,91,553,174,0.9348105,person
6,236,544,117,606,180,0.50233436,bench
6,198,482,99,518,197,0.9671572,person
6,198,507,146,607,182,0.5138824,bench
6,214,499,95,536,179,0.9711557,person
6,436,497,100,531,185,0.95439595,person
6,398,515,92,542,157,0.901906,person
6,414,509,92,536,165,0.94850814,person
6,485,421,115,483,263,0.9960432,person
6,241,531,84,561,159,0.85232013,person
6,463,474,103,521,213,0.9848711,person
6,441,495,98,533,188,0.9624101,person
6,490,412,111,482,273,0.99755764,person
6,128,366,118,491,444,0.9996006,person
6,199,486,101,523,194,0.96178466,person
6,177,451,103,500,230,0.9931948,person
6,399,514,89,541,157,0.82956207,person
6,399,539,125,607,180,0.6100383,bench
6,155,435,120,509,286,0.9967014,person
6,377,534,84,558,147,0.7698234,person
6,220,508,90,541,174,0.93052673,person
6,442,494,101,530,189,0.9473786,person
6,182,451,101,501,218,0.9947943,person
6,420,504,95,535,172,0.9536535,person
6,420,406,86,438,139,0.6311603,person
6,129,376,124,501,439,0.99922204,person
6,382,527,83,553,149,0.7397443,person
6,382,545,102,608,182,0.6859186,bench
6,107,50,221,287,477,0.9899878,person
6,156,441,114,506,279,0.99621683,person
6,529,143,163,295,479,0.8952691,person
6,134,406,124,519,385,0.99941766,person
6,507,339,127,444,343,0.99869615,person
6,112,176,191,390,478,0.9943223,person
6,183,453,103,500,217,0.9875066,person
6,334,520,76,546,136,0.63738793,person
6,161,438,118,499,265,0.9942339,person
6,383,526,87,551,152,0.7203539,person
6,534,88,203,262,480,0.98387355,person
6,508,337,129,441,356,0.99888414,person
6,248,535,85,563,158,0.867687,person
6,248,546,147,602,181,0.5168267,bench
6,113,198,172,389,480,0.996084,person
6,448,492,101,531,195,0.9591281,person
6,535,66,204,265,480,0.9922959,person
6,497,395,115,474,304,0.9970732,person
6,140,408,122,508,349,0.99907804,person
6,513,312,134,428,379,0.99866045,person
6,340,533,73,559,135,0.64729804,person
6,540,11,245,241,468,0.9636116,person
6,249,536,87,563,155,0.7935466,person
6,227,517,91,546,172,0.89194745,person
6,449,491,99,532,196,0.9693598,person
6,205,497,100,531,189,0.9376166,person
6,427,501,95,533,172,0.9641356,person
6,498,401,110,473,304,0.99410254,person
6,254,528,67,567,153,0.54525536,person
6,405,516,83,543,158,0.8788403,person
6,476,445,108,496,239,0.9898649,person
6,232,522,85,551,168,0.9211855,person
6,232,545,110,609,181,0.69990754,bench
6,232,546,150,607,177,0.5862574,bench
6,454,484,101,524,203,0.97211593,person
6,481,435,109,491,253,0.99337715,person
6,206,499,97,534,188,0.95427555,person
6,168,430,111,491,252,0.9927095,person
6,406,514,82,549,158,0.9456425,person
6,368,536,73,565,143,0.7305921,person
6,233,525,90,550,166,0.9240746,person
6,233,546,102,608,175,0.5439283,bench
6,455,482,99,523,203,0.96939015,person
6,195,476,101,515,202,0.9699893,person
6,211,505,98,536,183,0.95074236,person
6,211,522,142,607,181,0.7032764,bench
6,433,499,97,532,177,0.9824501,person
6,395,518,93,542,150,0.7062895,person
6,411,512,87,539,160,0.9259033,person
6,482,436,114,487,255,0.9877418,person
6,460,476,103,519,210,0.9745173,person
6,169,430,113,492,249,0.9934243,person
6,147,412,116,497,314,0.9980269,person
6,125,335,138,460,462,0.9991685,person
6,196,475,100,516,200,0.9922914,person
6,174,445,105,499,237,0.9902194,person
6,325,523,70,548,132,0.6448663,person
6,396,515,87,541,155,0.87692606,person
6,396,542,112,606,182,0.620577,bench
6,396,542,147,610,178,0.5837705,bench
6,412,512,88,538,162,0.94767034,person
6,412,530,118,606,177,0.5542937,bench
6,152,430,121,504,298,0.99777067,person
6,374,533,87,557,145,0.8163093,person
6,126,349,145,470,461,0.99948394,person
6,104,0,267,200,474,0.9843524,person
6,326,520,81,540,138,0.55299795,person
6,153,432,117,504,291,0.996349,person
6,526,168,154,323,480,0.9423217,person
6,131,391,120,501,407,0.9988808,person
6,504,362,121,444,331,0.9954092,person
6,180,448,105,502,224,0.99175334,person
6,380,530,90,554,152,0.89877033,person
6,380,545,112,605,182,0.63582486,bench
6,531,94,189,298,479,0.9923712,person
6,218,508,91,542,180,0.96608615,person
6,267,538,75,568,150,0.75118613,person
6,418,508,94,534,165,0.9666781,person
6,418,419,90,441,135,0.68810916,person
6,489,418,113,485,271,0.9950964,person
6,505,360,129,440,338,0.99704343,person
6,245,535,91,561,156,0.8943094,person
6,467,468,102,518,220,0.99032813,person
6,110,141,193,340,474,0.9951604,person
6,445,490,100,528,189,0.9598047,person
6,532,102,177,274,480,0.56516737,bird
6,272,550,85,574,144,0.59642404,person
6,494,408,115,473,293,0.9932354,person
6,510,341,129,434,364,0.9985532,person
6,219,508,94,542,175,0.9615019,person
6,419,508,94,536,170,0.9564689,person
6,419,413,90,434,139,0.7717135,person
6,246,530,87,561,161,0.7171011,person
6,246,547,147,605,180,0.57545465,bench
6,224,511,91,544,174,0.962149,person
6,224,538,109,605,178,0.52412724,bench
6,446,492,98,528,190,0.9647446,person
6,202,489,99,531,189,0.9742104,person
6,424,508,95,535,172,0.9610245,person
6,495,400,112,472,290,0.99697506,person
6,251,538,89,564,152,0.7817014,person
6,402,515,90,541,154,0.81274736,person
6,473,446,106,502,229,0.9936963,person
6,451,492,100,530,197,0.96486723,person
6,138,419,129,509,361,0.99876875,person
6,187,458,101,499,210,0.9847244,person
6,203,490,98,531,189,0.9606632,person
6,165,430,115,493,257,0.9957208,person
6,387,520,94,544,145,0.6408256,person
0,403,515,91,543,156,0.81788564,person
0,230,515,91,552,169,0.95025116,person
0,452,489,99,530,198,0.9715127,person
0,192,463,99,509,205,0.979727,person
0,430,502,95,532,174,0.9640344,person
0,2,126,0,193,229,0.50766534,chair
0,139,414,125,510,353,0.9977289,person
0,392,519,91,545,153,0.8823513,person
0,117,256,167,446,465,0.9984756,person
0,339,532,79,557,136,0.69345987,person
0,166,433,115,485,254,0.9877731,person
0,539,29,234,251,480,0.83433837,person
0,144,418,127,499,327,0.99716896,person
0,144,124,0,188,234,0.55269665,chair
0,517,288,143,404,423,0.9980896,person
0,122,318,145,461,475,0.99946684,person
0,193,468,99,507,204,0.99092555,person
0,21,126,0,196,234,0.5058926,chair
0,171,439,106,495,242,0.99211675,person
0,393,518,90,544,150,0.8408087,person
0,544,0,279,203,476,0.97819704,person
0,518,270,134,398,428,0.9977149,person
0,258,539,97,562,153,0.5480132,person
0,123,318,153,480,477,0.9988372,person
0,458,484,100,522,206,0.9780637,person
0,150,427,121,502,304,0.9881358,person
0,523,206,150,343,471,0.97370154,person
0,501,368,118,461,317,0.99856514,person
0,259,536,87,564,157,0.54014903,person
0,237,526,90,555,167,0.9325136,person
0,459,479,102,523,207,0.9776742,person
0,215,503,93,535,178,0.853384,person
0,437,494,94,531,181,0.95208806,person
0,22,118,0,200,232,0.5088849,chair
0,264,124,0,190,229,0.6109915,chair
0,415,507,92,535,163,0.9583113,person
0,486,426,110,485,264,0.9869659,person
0,502,364,120,454,325,0.9979843,person
0,242,529,91,559,163,0.89246416,person
0,464,474,102,519,218,0.98234034,person
0,491,412,117,479,283,0.9957557,person
0,216,506,97,534,176,0.9387513,person
0,178,454,104,502,228,0.9858517,person
0,416,508,91,536,165,0.9600958,person
0,378,533,90,556,150,0.7550508,person
0,243,532,90,558,159,0.8399953,person
0,465,474,104,518,221,0.9864807,person
0,221,509,88,541,173,0.92730224,person
0,443,490,94,530,188,0.96515775,person
0,270,123,0,197,233,0.52811825,chair
0,421,505,93,536,170,0.9603216,person
0,492,414,116,478,284,0.99567443,person
0,470,462,104,512,224,0.9828688,person
0,108,64,219,293,469,0.800886,person
0,179,453,103,502,226,0.9889327,person
0,157,441,117,502,283,0.9893385,person
0,379,532,90,556,150,0.5401955,person
0,135,408,129,514,378,0.99923277,person
0,184,455,100,499,215,0.9928791,person
0,335,525,84,545,136,0.74780685,person
0,200,487,100,524,188,0.96206045,person
0,422,508,91,537,168,0.96351993,person
0,162,435,114,496,263,0.99569714,person
0,400,517,89,543,156,0.8109939,person
0,109,103,214,322,471,0.7319733,person
0,136,412,123,506,370,0.99834895,person
0,509,342,131,433,354,0.99800867,person
0,114,211,171,388,478,0.9947944,person
0,114,128,0,189,233,0.5149345,chair
0,336,529,88,545,132,0.50744593,person
0,163,427,119,494,261,0.9964155,person
0,536,24,211,271,475,0.95913106,person
0,141,413,125,503,347,0.99814343,person
0,514,306,139,425,394,0.99807775,person
0,190,465,97,510,206,0.98915184,person
0,541,2,255,219,472,0.99304914,person
0,228,520,98,549,167,0.883757,person
0,228,128,0,188,227,0.55022335,chair
0,428,504,93,536,175,0.95892227,person
0,499,394,119,467,312,0.99394965,person
0,515,311,136,421,399,0.99868006,person
0,477,438,109,493,241,0.98588055,person
0,120,298,159,443,477,0.99864715,person
0,120,125,0,188,235,0.58299446,chair
0,542,0,273,220,477,0.9822152,person
0,520,245,148,384,450,0.99949455,person
0,229,519,91,550,170,0.9498816,person
0,207,495,93,539,185,0.97597164,person
0,429,503,94,531,173,0.94106615,person
0,256,539,93,563,153,0.58607924,person
0,234,525,92,552,171,0.9398789,person
0,456,479,103,523,203,0.98096734,person
0,212,502,97,537,180,0.9413973,person
0,434,500,95,532,178,0.9708426,person
0,483,427,113,487,254,0.98372054,person
0,461,472,98,518,209,0.9829107,person
0,148,419,121,497,311,0.9969784,person
0,197,476,99,520,194,0.97897285,person
0,213,498,94,538,180,0.96165526,person
0,175,448,107,499,234,0.9848204,person
0,397,517,89,544,153,0.917529,person
0,413,511,95,535,165,0.9362089,person
0,375,534,93,558,147,0.6182482,person
0,240,531,92,558,162,0.77996886,person
0,462,470,105,519,214,0.98811334,person
0,440,495,97,532,183,0.97693276,person
0,149,421,124,499,309,0.9954497,person
0,127,363,139,477,441,0.9989281,person
0,105,10,243,264,472,0.92448044,person
0,176,451,102,500,230,0.9928267,person
0,327,519,80,539,134,0.5851255,person
0,327,125,0,190,234,0.5067069,chair
0,90,126,0,195,232,0.56072825,chair
0,154,437,119,505,288,0.9918459,person
0,527,167,161,313,478,0.9872665,person
0,132,399,138,504,399,0.9988427,person
0,181,452,102,501,223,0.9919801,person
0,181,122,0,196,231,0.5715439,chair
0,332,518,78,538,134,0.6273766,person
0,381,530,90,554,152,0.63024586,person
0,106,21,250,286,468,0.67653877,person
0,528,153,170,299,479,0.9348366,person
0,268,545,86,571,150,0.5239855,person
0,133,407,128,511,387,0.99892384,person
0,506,345,129,442,341,0.9976744,person
0,468,468,105,516,222,0.9910114,person
0,111,149,188,389,478,0.98935306,person
0,160,438,116,502,270,0.98644906,person
0,533,93,185,278,475,0.9828021,person
0,511,335,140,429,380,0.9988341,person
0,247,535,97,561,156,0.6317984,person
0,469,468,101,516,224,0.983482,person
0,9,129,0,189,224,0.5408834,chair
0,225,514,92,546,174,0.9208924,person
0,447,491,100,530,191,0.9689933,person
0,274,120,0,197,232,0.6094755,chair
0,425,504,90,533,175,0.8681864,person
0,496,395,115,473,297,0.99828404,person
0,512,324,133,429,376,0.998847,person
0,474,449,104,500,234,0.9884724,person
0,226,517,87,546,173,0.8351498,person
0,226,125,0,187,225,0.53110385,chair
0,188,456,102,503,209,0.987507,person
0,204,492,95,532,189,0.975871,person
0,204,120,0,198,232,0.6306246,chair
0,426,502,92,533,172,0.95126534,person
0,404,518,93,545,157,0.90787846,person
0,475,448,103,498,237,0.98764914,person
0,231,520,92,554,171,0.93610406,person
0,231,121,0,194,239,0.5316739,chair
0,453,488,101,528,197,0.9523497,person
0,71,125,0,188,230,0.55656755,chair
0,431,500,92,532,174,0.93520474,person
0,480,436,109,492,251,0.9917148,person
0,118,265,165,450,476,0.9985734,person
0,189,465,101,508,206,0.9829705,person
0,167,434,115,488,253,0.9925708,person
0,145,409,122,495,317,0.99827826,person
0,194,473,101,510,204,0.97485936,person
0,210,502,101,534,181,0.9258407,person
0,432,498,97,534,176,0.9685526,person
0,172,441,109,499,238,0.98919755,person
0,394,518,87,544,149,0.91851544,person
0,410,511,90,539,162,0.90504944,person
0,119,285,152,447,477,0.998697,person
0,119,126,1,188,230,0.5356603,chair
0,372,534,91,558,144,0.70879793,person
0,146,410,128,494,319,0.9971311,person
0,519,250,143,391,437,0.99165994,person
0,124,326,148,468,472,0.99595034,person
0,173,443,104,498,239,0.992831,person
0,151,430,118,504,299,0.9973821,person
0,373,531,89,559,144,0.5777361,person
0,524,184,151,338,476,0.99470735,person
0,238,528,90,555,170,0.93875134,person
0,438,489,99,531,182,0.9832086,person
0,525,165,156,337,476,0.9918703,person
0,487,426,115,485,265,0.97900635,person
0,130,383,135,500,403,0.9989022,person
0,503,366,123,450,330,0.9973787,person
0,530,106,178,303,479,0.9962754,person
0,239,529,90,557,163,0.9101743,person
0,17,126,0,187,232,0.5554496,chair
0,217,509,97,540,176,0.8392126,person
0,439,493,99,532,183,0.97667015,person
0,417,508,88,535,166,0.9601944,person
0,488,424,116,483,272,0.9932827,person
0,466,472,100,519,222,0.9815497,person
0,222,512,93,540,170,0.9204903,person
0,444,488,99,529,188,0.98223567,person
0,493,411,115,475,286,0.99337715,person
0,471,457,104,508,231,0.98973656,person
0,158,440,119,500,275,0.98576975,person
0,223,513,90,546,174,0.9191451,person
0,185,457,101,500,213,0.9925937,person
0,201,490,95,529,188,0.9755161,person
0,423,508,93,536,170,0.97288257,person
0,385,524,90,548,149,0.70089537,person
0,250,537,94,562,157,0.8334155,person
0,401,518,94,543,155,0.8833573,person
0,472,451,102,502,227,0.989912,person
0,450,490,99,532,195,0.96627945,person
0,159,438,113,502,272,0.9944442,person
0,137,415,122,506,372,0.9987344,person
0,115,232,171,406,477,0.99319696,person
0,186,456,102,498,212,0.9899374,person
0,337,530,89,548,134,0.55545914,person
0,164,431,120,496,260,0.9811832,person
0,386,521,92,545,149,0.55925876,person
0,537,32,229,270,480,0.9715083,person
0,142,417,123,505,342,0.99767,person
0,191,458,103,509,206,0.98615044,person
0,391,518,87,545,153,0.8592251,person
0,116,251,161,423,473,0.99737585,person
0,116,128,1,186,230,0.5073655,chair
0,538,28,219,262,478,0.98795706,person
0,83,123,0,193,237,0.53669775,chair
0,143,418,129,501,334,0.99742436,person
0,516,305,139,411,400,0.9988697,person
0,478,435,107,495,241,0.9942227,person
0,121,316,155,452,477,0.99557173,person
0,19,124,0,194,228,0.6667057,chair
0,170,434,109,494,246,0.99251246,person
0,543,0,287,206,471,0.9938385,person
0,521,241,145,365,462,0.9968148,person
0,208,499,98,540,186,0.96167123,person
0,408,513,89,540,159,0.9393368,person
0,479,433,112,492,246,0.99310726,person
0,235,524,89,553,167,0.94253576,person
0,235,124,0,196,225,0.70332515,chair
0,457,480,99,522,205,0.96226406,person
0,435,500,96,532,179,0.967996,person
0,5,126,0,198,233,0.6100565,chair
0,522,227,160,350,471,0.9951633,person
0,262,539,88,565,155,0.6507322,person
0,484,423,110,484,255,0.9912975,person
0,500,384,120,463,315,0.99726546,person
0,209,500,89,536,182,0.89937836,person
0,209,127,0,197,232,0.5695971,chair
0,409,511,90,539,161,0.904227,person
0,236,524,93,553,168,0.9658613,person
0,198,480,93,520,199,0.9700715,person
0,214,500,93,536,177,0.9392337,person
0,436,496,100,531,185,0.95773375,person
0,398,515,91,542,157,0.8957244,person
0,414,509,88,538,164,0.9291669,person
0,485,419,115,482,262,0.992667,person
0,241,529,91,559,160,0.8464659,person
0,463,473,101,522,215,0.98262995,person
0,441,494,98,533,186,0.9739831,person
0,490,410,115,481,272,0.9954035,person
0,128,368,126,490,438,0.9993693,person
0,199,484,99,522,191,0.965021,person
0,177,451,106,501,231,0.9866367,person
0,399,514,86,541,156,0.8910502,person
0,155,437,117,510,287,0.99511504,person
0,377,533,88,557,149,0.8060556,person
0,220,508,89,542,174,0.93605036,person
0,442,492,100,530,188,0.95427436,person
0,182,453,102,502,220,0.99353397,person
0,182,126,0,198,225,0.6341948,chair
0,420,504,94,535,171,0.9696531,person
0,420,408,96,438,139,0.5960389,person
0,129,377,137,499,434,0.996381,person
0,382,528,89,551,147,0.53593385,person
0,107,36,219,292,480,0.58319384,bird
0,156,440,116,507,279,0.9945496,person
0,529,132,173,300,480,0.9931322,person
0,134,405,126,516,386,0.9991019,person
0,507,338,131,441,344,0.99882203,person
0,112,178,186,395,477,0.99410987,person
0,183,452,104,502,218,0.98962796,person
0,334,521,81,544,137,0.72981596,person
0,161,438,116,498,263,0.9927897,person
0,383,528,89,551,149,0.8298141,person
0,534,81,199,264,478,0.97044176,person
0,508,337,137,438,358,0.999065,person
0,248,535,92,562,158,0.65368444,person
0,113,198,171,394,476,0.9954354,person
0,448,490,98,531,196,0.96395284,person
0,535,55,196,262,477,0.9688448,person
0,497,397,115,472,304,0.9975884,person
0,15,125,0,197,236,0.5719543,chair
0,140,409,123,506,351,0.9989693,person
0,513,308,134,425,378,0.9987016,person
0,340,534,79,558,138,0.793762,person
0,540,2,250,239,471,0.95874166,person
0,249,536,97,562,156,0.5516008,person
0,227,519,94,546,168,0.8718554,person
0,449,490,95,532,195,0.97100294,person
0,205,496,100,532,188,0.95176375,person
0,427,500,96,533,172,0.9663666,person
0,498,402,115,469,305,0.99557805,person
0,405,517,86,546,158,0.84594446,person
0,476,443,108,493,241,0.9849139,person
0,232,524,83,552,170,0.90253276,person
0,454,485,100,525,202,0.96980697,person
0,481,436,110,491,251,0.991803,person
0,206,499,95,533,183,0.95941186,person
0,168,428,111,491,252,0.9945872,person
0,406,516,86,546,158,0.9189703,person
0,66,118,0,189,236,0.53470343,chair
0,233,525,93,551,166,0.82138604,person
0,233,123,0,194,226,0.5953822,chair
0,455,482,99,524,202,0.9743478,person
0,195,475,96,515,202,0.9784629,person
0,211,504,97,536,178,0.94308275,person
0,211,124,0,194,234,0.5047141,chair
0,433,497,98,533,176,0.97791857,person
0,395,520,92,544,152,0.8165543,person
0,411,513,86,540,161,0.93287987,person
0,482,436,115,489,254,0.9913362,person
0,460,475,100,521,211,0.9764089,person
0,169,431,112,491,250,0.98734283,person
0,147,414,128,497,314,0.99788123,person
0,125,337,139,458,461,0.99766207,person
0,196,475,98,519,201,0.9892518,person
0,174,447,106,500,238,0.9929134,person
0,325,125,0,194,240,0.5521127,chair
0,396,517,89,542,155,0.85370886,person
0,412,515,89,539,161,0.81423724,person
0,152,432,121,504,302,0.9973579,person
0,374,533,88,558,147,0.79498774,person
0,126,348,146,468,454,0.99792165,person
0,104,8,258,215,470,0.85527086,person
0,326,122,0,196,239,0.54987,chair
0,153,435,117,504,290,0.9954715,person
0,526,173,159,329,471,0.98317266,person
0,131,392,127,502,405,0.99892646,person
0,504,364,123,440,333,0.99736905,person
0,180,450,106,501,223,0.99173015,person
0,380,529,90,554,153,0.8387663,person
0,531,94,195,298,477,0.995869,person
0,218,507,92,540,175,0.6847781,person
0,218,502,99,541,173,0.6022921,fire hydrant
0,218,123,0,191,239,0.5021192,chair
0,418,509,93,534,165,0.93692863,person
0,489,417,114,483,270,0.99556786,person
0,505,360,130,438,338,0.99604505,person
0,467,468,103,519,221,0.9896862,person
0,61,127,0,187,229,0.5574258,chair
0,110,140,185,353,476,0.9440688,person
0,445,490,99,529,192,0.96626884,person
0,532,101,184,287,476,0.8609607,person
0,494,408,112,472,292,0.9853513,person
0,510,341,138,431,363,0.9979406,person
0,219,507,94,541,176,0.96996415,person
0,419,508,93,533,166,0.957876,person
0,224,513,91,545,174,0.9593154,person
0,446,491,98,531,190,0.97039807,person
0,202,488,99,531,191,0.97894543,person
0,424,507,97,535,172,0.94377613,person
0,495,400,112,471,293,0.9971481,person
0,251,538,96,565,153,0.8052573,fire hydrant
0,402,518,93,544,156,0.6659452,person
0,473,447,107,502,229,0.9940486,person
0,451,491,100,531,195,0.9693815,person
0,138,419,126,509,362,0.99850345,person
0,138,121,0,194,229,0.50048524,chair
0,187,456,99,500,211,0.98813766,person
0,203,488,95,532,190,0.96439457,person
0,165,431,113,488,257,0.9817987,person
0,48,124,0,194,208,0.5096821,chair
