2,105,5.62109851837,258.518188477,245.891769409,494.398162842,0.999968290329,person
2,106,22.3754386902,267.793487549,291.426635742,489.471801758,0.999945521355,person
2,107,42.3979949951,249.25604248,290.903625488,475.752532959,0.99974912405,person
2,108,70.6161651611,229.68598938,287.423980713,477.44241333,0.999976038933,person
2,109,100.248313904,232.178955078,300.562286377,488.390472412,0.999879837036,person
2,110,136.984359741,219.604064941,336.244628906,477.708099365,0.999942779541,person
2,111,158.807144165,198.61958313,386.019989014,485.875793457,0.999983072281,person
2,112,173.011474609,213.12298584,389.604644775,482.383575439,0.999863743782,person
2,113,203.906845093,186.92086792,395.851806641,489.278625488,0.999960660934,person
2,114,217.309677124,182.947341919,387.187042236,489.882202148,0.999952077866,person
2,115,235.239685059,186.116149902,392.515197754,493.064849854,0.999981760979,person
2,116,252.76864624,166.450119019,413.306060791,488.054534912,0.999980330467,person
2,117,251.747573853,168.115982056,444.025024414,484.32723999,0.999957323074,person
2,118,256.311706543,173.382659912,454.153900146,478.135803223,0.999938011169,person
2,119,273.160858154,168.56161499,458.839111328,481.083740234,0.999927282333,person
2,120,299.797027588,172.015563965,455.506256104,475.813690186,0.999946594238,person
2,121,317.470977783,165.478942871,455.954986572,480.845550537,0.999444782734,person
2,122,318.547912598,158.927108765,463.004089355,485.291503906,0.999862194061,person
2,123,314.594848633,176.374664307,476.587554932,463.06652832,0.999815881252,person
2,124,321.993225098,172.130187988,474.241149902,469.079589844,0.999313473701,person
2,125,332.477722168,156.313812256,462.890655518,454.124511719,0.999825060368,person
2,126,344.171234131,162.700012207,469.349700928,440.647613525,0.999926328659,person
2,127,357.251037598,157.541671753,477.36416626,435.235565186,0.99988424778,person
2,128,370.029541016,149.496963501,490.493988037,433.610107422,0.9998306036,person
2,129,377.187927246,161.926437378,501.014068604,419.406494141,0.99702578783,person
2,130,381.353179932,147.606933594,506.032073975,397.88760376,0.999954581261,person
2,131,388.248352051,134.228942871,499.991729736,404.599029541,0.999799668789,person
2,132,394.471618652,143.946929932,496.43762207,394.274749756,0.99988424778,person
2,133,406.26184082,141.5184021,508.181060791,388.662536621,0.99975925684,person
2,134,407.362609863,116.76789856,512.461120605,371.431030273,0.999951481819,person
2,135,410.680847168,138.207336426,521.204467773,387.337188721,0.999864578247,person
2,136,414.796325684,120.403793335,515.266357422,369.149200439,0.999938607216,person
2,137,417.552124023,123.420410156,502.585418701,361.620574951,0.999947071075,person
2,138,421.440856934,129.787994385,511.139648438,361.113555908,0.999944806099,person
2,139,422.304199219,124.788963318,509.635406494,352.992492676,0.999930739403,person
2,140,419.205230713,124.502853394,512.044555664,350.040405273,0.999810159206,person
2,141,415.296539307,130.045349121,503.927337646,346.927978516,0.99988925457,person
2,142,417.548400879,125.370109558,503.16519165,350.870880127,0.999776303768,person
2,143,415.182098389,122.433670044,503.848968506,334.047485352,0.999964237213,person
2,144,416.114501953,127.106391907,501.87789917,332.679779053,0.999846458435,person
2,145,413.659667969,114.771362305,498.831085205,320.994567871,0.99995970726,person
2,146,411.410705566,116.171516418,498.934265137,317.750274658,0.999871969223,person
2,147,412.643707275,116.219581604,499.05645752,320.178161621,0.999977588654,person
2,148,415.86428833,115.783218384,498.317443848,312.868408203,0.999985456467,person
2,149,421.068237305,116.705429077,498.034454346,310.219818115,0.999975562096,person
2,150,424.056213379,120.681793213,499.484405518,306.042236328,0.999838709831,person
2,151,433.064056396,116.605712891,504.968322754,307.667175293,0.999966025352,person
2,152,432.608459473,126.605888367,506.203063965,299.145263672,0.999938726425,person
2,153,435.014862061,123.366477966,504.740844727,299.000335693,0.999962925911,person
2,154,438.055938721,115.862945557,502.923492432,290.756134033,0.999918103218,person
2,155,433.81060791,126.956817627,511.745452881,291.898529053,0.999982357025,person
2,156,437.373199463,119.076522827,509.952575684,281.804138184,0.999970078468,person
2,157,442.990325928,118.440612793,508.119018555,282.737854004,0.996591329575,person
2,158,438.331573486,119.669021606,504.957275391,277.956542969,0.995970249176,person
2,159,437.744445801,119.307342529,504.300323486,275.902526855,0.764691054821,dog
2,160,438.7003479,115.149284363,504.185424805,277.094268799,0.999284565449,person
2,161,439.147491455,113.941680908,502.337524414,276.118011475,0.997433125973,person
2,162,439.000457764,115.856903076,496.489501953,261.815063477,0.86937046051,dog
2,163,429.584655762,116.870124817,498.274139404,264.652526855,0.854268729687,dog
2,164,430.109283447,111.910591125,494.026550293,263.033508301,0.927169144154,dog
2,165,434.217926025,106.048110962,490.679840088,263.383422852,0.999191701412,person
2,166,435.331573486,108.578010559,487.952056885,261.330993652,0.99874818325,person
2,167,435.941009521,108.365966797,488.483734131,260.759521484,0.999621629715,person
2,168,431.616149902,108.005050659,492.248657227,258.855102539,0.999851703644,person
2,169,430.205383301,107.877471924,493.266235352,264.751922607,0.99795204401,person
2,170,432.237762451,107.066093445,494.322937012,252.483551025,0.998154938221,person
2,171,441.778198242,105.91229248,498.379211426,247.706848145,0.999424695969,person
2,172,444.543670654,112.025466919,498.767791748,247.949188232,0.999726355076,person
2,173,448.356414795,104.024993896,503.438171387,245.722640991,0.999831795692,person
2,174,449.046020508,104.480743408,501.954956055,242.858764648,0.999754846096,person
2,175,451.586334229,107.495201111,504.260284424,240.675109863,0.99970382452,person
2,176,451.90423584,104.191612244,503.830780029,241.221343994,0.999756753445,person
2,177,454.279388428,103.978378296,504.927307129,238.028274536,0.999788343906,person
2,178,456.436096191,106.930511475,504.630462646,233.239944458,0.999820888042,person
2,179,458.700744629,102.463821411,505.002838135,228.567749023,0.999775588512,person
2,180,455.170684814,102.372268677,505.695373535,231.36618042,0.999824106693,person
2,181,453.836730957,104.456497192,505.169616699,232.078704834,0.999768316746,person
2,182,457.185791016,101.883903503,501.809417725,230.999816895,0.999603688717,person
2,183,456.688690186,101.961730957,502.71005249,229.73789978,0.999662280083,person
2,184,459.577087402,102.261634827,505.039215088,226.194549561,0.999714314938,person
2,185,461.109832764,96.4123153687,498.897491455,221.133407593,0.999399423599,person
2,186,462.192077637,99.9362335205,500.138946533,228.220413208,0.999469220638,person
2,188,460.927459717,96.227973938,504.008392334,228.169128418,0.99959808588,person
2,189,463.281494141,102.127006531,507.031158447,218.798202515,0.99951338768,person
2,190,467.755523682,95.1903762817,506.965454102,212.755432129,0.999707043171,person
2,191,463.206176758,98.6099319458,507.723083496,209.173294067,0.99959474802,person
2,193,466.104766846,93.7946929932,507.295684814,210.848205566,0.999480426311,person
2,194,469.297943115,97.4708709717,509.324615479,208.51739502,0.999425172806,person
2,202,491.96206665,97.3753128052,530.832397461,194.118118286,0.998634755611,person
2,208,496.408477783,96.6272583008,541.483642578,187.615753174,0.999586045742,person
2,213,498.28225708,97.5583114624,539.744812012,184.763519287,0.999699354172,person
2,434,500.733032227,98.1208953857,533.478088379,182.846557617,0.999670743942,person
2,437,498.998077393,96.8067245483,530.238708496,186.166595459,0.999689340591,person
2,438,491.221984863,98.0561828613,535.743041992,188.686187744,0.99955278635,person
2,439,492.877288818,100.215965271,534.659240723,187.870681763,0.999785721302,person
2,440,495.719573975,99.7240905762,536.752868652,188.929901123,0.999675750732,person
2,441,495.115112305,97.697555542,535.276855469,189.822128296,0.999645471573,person
2,443,490.702209473,97.622833252,531.645385742,192.540466309,0.999761998653,person
2,444,488.382019043,98.3064498901,530.423400879,193.417312622,0.999710261822,person
2,445,487.911590576,98.8920669556,528.598693848,193.676681519,0.999783575535,person
2,446,491.954467773,97.6023254395,529.775634766,196.078842163,0.999444901943,person
2,447,493.573455811,95.6801376343,530.007446289,198.218231201,0.999355733395,person
2,448,490.774169922,97.4435501099,531.450744629,196.383346558,0.999734461308,person
2,450,489.771362305,97.2921829224,530.449829102,199.002380371,0.999532341957,person
2,451,489.873809814,98.9377593994,531.528442383,198.215911865,0.999508500099,person
2,456,484.641693115,95.7698822021,524.092712402,212.284744263,0.999333441257,person
2,459,484.378967285,101.151268005,523.24786377,207.512924194,0.999543726444,person
2,460,480.629882812,95.0882797241,523.060302734,221.411026001,0.999269664288,person
2,462,471.563446045,98.7559967041,518.571411133,228.182952881,0.9996098876,person
2,463,471.742706299,99.0628509521,520.727478027,225.188690186,0.999472200871,person
2,464,475.200195312,97.8070373535,522.273071289,225.954788208,0.999534845352,person
2,465,476.106506348,100.686195374,520.695678711,225.3800354,0.998325765133,person
2,466,472.846313477,98.7659225464,517.561706543,228.089569092,0.999769151211,person
2,467,468.607666016,96.5438995361,518.568847656,232.052322388,0.99987244606,person
2,468,466.260192871,103.467918396,515.369812012,224.865829468,0.999807655811,person
2,469,468.554748535,99.5590515137,513.519775391,230.958068848,0.999510288239,person
2,470,466.257110596,100.280632019,511.284179688,230.134368896,0.999742686749,person
2,471,460.209350586,105.286682129,508.870666504,232.465194702,0.999705970287,person
2,472,456.354003906,100.754699707,506.166870117,237.646575928,0.999558389187,person
2,473,451.617645264,104.27191925,502.252868652,237.79699707,0.999700784683,person
2,474,449.001312256,106.188270569,502.612457275,241.586730957,0.999741971493,person
2,475,449.219573975,103.068862915,501.265869141,241.540115356,0.999150633812,person
2,476,445.654663086,107.132141113,496.877288818,237.601547241,0.999820530415,person
2,477,443.165130615,109.218696594,497.155426025,250.742050171,0.997648537159,person
2,478,437.39151001,102.592102051,493.727386475,244.711395264,0.999815285206,person
2,479,436.510253906,111.842269897,492.394561768,245.545349121,0.999443113804,person
2,480,436.54309082,112.179229736,491.003295898,256.646118164,0.999643206596,person
2,481,437.485931396,106.381774902,492.112487793,261.895996094,0.999845266342,person
2,482,440.41973877,108.245223999,488.254089355,260.703643799,0.998377203941,person
2,483,434.10647583,105.104881287,489.667297363,265.34765625,0.999648571014,person
2,484,426.056884766,106.121002197,487.657623291,265.358337402,0.99952685833,person
2,485,422.67678833,109.983963013,486.748413086,263.47076416,0.999402999878,person
2,486,426.783569336,110.103126526,488.220245361,264.964904785,0.999309301376,person
2,487,432.776092529,103.124534607,487.768218994,268.456481934,0.99941432476,person
2,488,428.972808838,113.491569519,486.991607666,267.501068115,0.975945293903,person
2,489,422.367919922,112.316841125,485.98425293,273.852020264,0.999353945255,person
2,490,414.453308105,111.45463562,483.344177246,274.812805176,0.99993622303,person
2,491,410.406036377,120.65776062,477.305999756,278.635375977,0.999293684959,person
2,492,411.870056152,113.619941711,478.131622314,282.993377686,0.998835623264,person
2,493,412.578887939,112.980255127,474.984802246,288.185455322,0.997211992741,person
2,494,411.713256836,117.811271667,474.046142578,293.214202881,0.999854683876,person
2,495,407.966827393,111.490463257,472.118530273,293.982574463,0.99996304512,person
2,496,401.715698242,113.82371521,474.661315918,305.480163574,0.999971151352,person
2,497,397.949432373,115.262443542,471.26739502,308.53338623,0.999955892563,person
2,498,404.431060791,111.640136719,474.509155273,307.892852783,0.999949216843,person
2,499,400.959869385,118.795425415,469.247283936,307.627685547,0.99995136261,person
2,500,391.492004395,116.713172913,465.350616455,312.406646729,0.999942302704,person
2,501,374.860076904,116.371810913,459.273590088,312.932739258,0.999926805496,person
2,502,371.589294434,117.506057739,458.222961426,314.345977783,0.999920368195,person
2,503,369.296203613,124.091079712,456.120727539,331.42376709,0.999922037125,person
2,504,368.576629639,120.656707764,444.026580811,325.305267334,0.999111950397,person
2,505,365.014404297,128.749664307,442.026489258,334.194366455,0.999775707722,person
2,506,356.713623047,137.999816895,442.916351318,339.568206787,0.993063390255,person
2,507,344.649963379,132.256362915,440.276916504,340.563690186,0.999956607819,person
2,508,339.177032471,133.89881897,439.140472412,347.980041504,0.999652862549,person
2,509,340.854827881,133.128463745,438.105194092,349.933227539,0.999620556831,person
2,510,344.876159668,133.625717163,433.36819458,352.38961792,0.997323989868,person
2,511,345.931793213,144.447601318,429.270690918,362.12512207,0.999487996101,person
2,512,337.916595459,142.085250854,433.240234375,372.153503418,0.999735534191,person
2,513,320.924041748,138.315628052,426.951416016,354.950927734,0.999606192112,person
2,514,313.558654785,146.599411011,425.854370117,388.882385254,0.999563634396,person
2,515,315.649993896,142.488098145,427.057159424,393.415313721,0.999584972858,person
2,516,314.788604736,145.225708008,419.635162354,391.532470703,0.999839544296,person
2,517,309.956237793,160.712936401,407.919372559,405.618377686,0.996179461479,person
2,518,287.840515137,144.242294312,400.612762451,402.055908203,0.999877214432,person
2,519,264.553497314,152.9271698,398.266845703,431.06463623,0.999918460846,person
2,520,252.504364014,153.653701782,389.069488525,441.963012695,0.9998691082,person
2,521,246.787033081,150.77796936,377.349304199,446.58694458,0.999875545502,person
2,522,245.140640259,166.99432373,361.169708252,449.319061279,0.999911308289,person
2,523,227.275802612,173.672225952,347.626525879,468.891021729,0.999763309956,person
2,524,205.291992188,167.569488525,347.642944336,477.435638428,0.999811708927,person
2,525,184.432678223,174.95880127,341.525665283,466.418365479,0.99997484684,person
2,526,172.331954956,174.705627441,338.554290771,466.026397705,0.999946713448,person
2,527,179.213516235,169.046112061,319.8543396,475.759155273,0.999681472778,person
2,528,173.280929565,169.54510498,306.353729248,477.0519104,0.999745070934,person
2,529,153.156158447,178.608978271,296.985046387,483.610443115,0.999973058701,person
2,530,129.179031372,176.1693573,307.286376953,481.445739746,0.999995589256,person
2,531,100.805900574,197.538970947,306.429901123,492.176971436,0.999991774559,person
2,532,106.115097046,199.874847412,296.406311035,474.096801758,0.999995589256,person
2,533,108.205078125,198.464935303,286.075622559,483.213897705,0.999979615211,person
2,534,99.404800415,209.928207397,269.754211426,491.162567139,0.999970197678,person
2,535,69.878692627,216.717666626,264.294677734,478.819763184,0.999604046345,person
2,536,48.0852432251,209.52432251,281.266815186,489.718780518,0.999980807304,person
2,537,31.6340618134,228.496658325,273.579437256,490.770507812,0.999947428703,person
2,538,37.0861968994,215.648742676,268.171112061,485.175018311,0.999981284142,person
2,539,40.0893592834,231.92098999,260.154907227,474.2059021,0.999813854694,person
2,540,30.0733833313,265.001098633,248.020141602,475.143157959,0.999942302704,person
2,541,7.29772138596,262.086975098,228.671539307,471.33996582,0.999927043915,person
2,542,5.04161548615,264.680603027,227.339309692,479.674468994,0.999826729298,person
2,543,5.02151679993,305.175201416,216.012130737,479.29876709,0.999556839466,person
2,544,3.59294366837,282.388793945,203.242263794,479.429595947,0.999592721462,person
2,545,8.22703647614,304.611877441,182.964614868,481.909332275,0.998382091522,person
4,104,8.29647254944,255.961242676,214.745513916,480.944946289,0.999960422516,person
4,105,14.6074762344,263.328277588,281.223571777,488.415405273,0.999651193619,person
4,106,40.9432296753,260.368499756,291.931793213,482.40536499,0.99873226881,person
4,107,54.6471061707,232.011245728,291.023406982,475.156585693,0.999852061272,person
4,108,91.8456039429,231.131195068,296.03704834,482.107727051,0.999262869358,person
4,109,124.550994873,219.604156494,321.302734375,476.736846924,0.999918818474,person
4,110,162.921188354,206.630874634,371.609375,477.429260254,0.999976158142,person
4,111,164.224838257,202.232788086,388.995635986,483.620788574,0.999864220619,person
4,112,192.328933716,193.741729736,398.422790527,486.179077148,0.999939441681,person
4,113,211.882736206,176.377700806,391.528656006,475.449035645,0.99967455864,person
4,114,227.444793701,191.976257324,389.711791992,478.284576416,0.99996650219,person
4,115,249.091949463,181.868927002,409.78704834,478.650268555,0.999968290329,person
4,116,250.57460022,162.432525635,429.330932617,490.064056396,0.999930024147,person
4,117,251.399887085,171.87802124,450.30166626,477.496185303,0.999927282333,person
4,118,264.071380615,169.703948975,455.680328369,477.754089355,0.999845743179,person
4,119,296.4453125,171.836364746,447.967834473,474.474060059,0.999055445194,person
4,120,309.036010742,168.661331177,456.157806396,477.781707764,0.99920040369,person
4,121,318.799804688,166.917572021,462.202636719,474.102966309,0.995494008064,person
4,122,314.173522949,158.921859741,471.971038818,474.850463867,0.999859571457,person
4,123,322.155303955,169.158843994,476.466583252,473.074737549,0.999736368656,person
4,124,329.33416748,155.476501465,467.249481201,468.108551025,0.999908685684,person
4,125,343.305847168,149.488876343,462.186126709,445.641113281,0.999639630318,person
4,126,356.382904053,154.95324707,474.018859863,438.191589355,0.999687194824,person
4,127,368.921630859,138.761734009,489.582885742,407.052154541,0.999950170517,person
4,128,368.104522705,149.029052734,495.848510742,430.894104004,0.999565899372,person
4,129,379.874786377,146.887649536,499.445129395,420.5519104,0.999727427959,person
4,130,385.416900635,131.518432617,502.371826172,406.369873047,0.999874472618,person
4,131,390.03515625,140.089828491,499.635375977,397.332427979,0.999902009964,person
4,132,401.133453369,143.148498535,508.696777344,391.179077148,0.99980121851,person
4,133,406.114044189,128.658859253,510.766143799,383.111938477,0.999946475029,person
4,134,411.774902344,139.500869751,520.721374512,386.171203613,0.999880194664,person
4,135,412.484771729,130.03086853,522.025756836,385.296173096,0.9999563694,person
4,136,415.497192383,125.955131531,504.440948486,360.470123291,0.99979788065,person
4,137,417.360351562,127.371871948,505.614471436,359.952178955,0.99994468689,person
4,138,423.089019775,126.292747498,509.990844727,358.643432617,0.999357283115,person
4,139,414.542572021,128.445388794,505.170501709,348.849822998,0.9998691082,person
4,140,413.16973877,129.999389648,504.630157471,348.849639893,0.999830722809,person
4,141,417.991638184,125.285125732,504.211303711,351.312225342,0.99984395504,person
4,142,418.538970947,127.51574707,502.919036865,343.676025391,0.999941825867,person
4,143,416.524230957,130.538040161,502.992797852,343.094818115,0.999949455261,person
4,144,414.794128418,122.968482971,499.7159729,329.966064453,0.999941468239,person
4,145,411.041534424,117.262252808,497.971496582,317.29397583,0.999957323074,person
4,146,411.002258301,118.942047119,498.313232422,316.853393555,0.999952077866,person
4,147,412.991790771,117.779029846,498.360961914,311.15222168,0.999957919121,person
4,148,417.918121338,115.713394165,497.32220459,311.03793335,0.999876141548,person
4,149,423.279693604,121.083068848,498.91619873,306.399078369,0.999967694283,person
4,150,433.424835205,118.414581299,503.972473145,306.924133301,0.999496459961,person
4,151,433.388580322,123.439292908,505.006195068,302.01385498,0.999102115631,person
4,152,433.412475586,123.609611511,505.229553223,301.387542725,0.999601900578,person
4,153,436.115692139,113.923782349,501.848999023,292.892852783,0.999868512154,person
4,154,433.388763428,116.036514282,508.017181396,291.402557373,0.999984383583,person
4,155,436.055084229,120.070953369,510.618621826,283.539489746,0.999977707863,person
4,156,437.857666016,116.714447021,507.185943604,278.7293396,0.999580562115,person
4,157,438.681549072,119.376747131,507.688079834,280.799560547,0.997960925102,person
4,158,438.285583496,114.696289062,503.482818604,278.837890625,0.860687196255,person
4,159,438.48449707,113.211761475,503.67010498,275.441070557,0.902327418327,person
4,160,438.450866699,113.358810425,503.074035645,276.982147217,0.996717751026,person
4,161,440.140686035,118.341468811,499.233459473,265.299957275,0.759064018726,dog
4,162,432.41784668,117.79875946,498.504852295,260.670959473,0.931436061859,dog
4,163,429.004058838,109.308494568,495.448364258,262.689605713,0.831314980984,person
4,164,428.938903809,106.162338257,493.792907715,264.448516846,0.94090116024,person
4,165,431.506286621,107.301139832,490.023590088,261.419647217,0.999118626118,person
4,166,433.944030762,109.619232178,487.243133545,260.322479248,0.941118717194,person
4,167,433.180053711,107.731079102,491.333770752,259.800994873,0.999700903893,person
4,168,429.674682617,110.521743774,495.759185791,260.727844238,0.99857378006,person
4,169,434.06072998,118.16519165,495.83694458,250.24798584,0.938340485096,dog
4,170,440.441589355,103.628669739,496.494995117,247.824157715,0.999480187893,person
4,171,442.00302124,107.825576782,498.510650635,243.478118896,0.999867200851,person
4,172,442.897094727,105.84790802,499.568511963,238.275360107,0.99988591671,person
4,173,444.006347656,103.002716064,499.461364746,238.917877197,0.999790847301,person
4,174,444.655151367,107.562088013,500.301208496,239.047973633,0.999850869179,person
4,175,447.832000732,105.655250549,502.892303467,239.55317688,0.999623298645,person
4,176,449.483001709,103.285842896,502.585113525,234.31401062,0.999942064285,person
4,177,453.482269287,107.82219696,503.567504883,233.576873779,0.999914169312,person
4,178,455.057922363,104.812149048,504.030761719,229.209274292,0.99989593029,person
4,179,453.349212646,102.147651672,504.989776611,230.080535889,0.999752700329,person
4,180,452.029418945,107.085853577,505.596740723,228.073898315,0.99977761507,person
4,181,455.100189209,100.186782837,503.211212158,230.487838745,0.999839782715,person
4,182,455.384460449,101.010040283,503.377502441,228.349441528,0.999929666519,person
4,183,457.12097168,104.831169128,504.424438477,226.422027588,0.999828100204,person
4,184,458.020751953,98.0839920044,502.13949585,219.198074341,0.999756634235,person
4,185,461.12802124,101.692375183,502.914520264,222.199142456,0.999758541584,person
4,186,459.963195801,101.446784973,503.536071777,217.782363892,0.999650716782,person
4,187,460.139007568,97.3983230591,502.009674072,218.461395264,0.999390602112,person
4,188,462.872161865,102.396903992,504.05480957,214.511642456,0.99983727932,person
4,189,465.112457275,97.8930435181,505.816070557,210.446899414,0.999757707119,person
4,190,462.227142334,98.135093689,509.424621582,216.238510132,0.999850153923,person
4,191,462.792114258,99.5084915161,508.345611572,214.803665161,0.999558866024,person
4,192,466.488128662,96.8600311279,508.774963379,217.333084106,0.999808967113,person
4,193,467.782104492,98.9954071045,508.985992432,214.983032227,0.999922513962,person
4,194,472.753631592,99.7797393799,510.567230225,207.090484619,0.999383211136,person
4,195,474.837860107,99.630859375,515.511230469,199.816452026,0.999695420265,person
4,196,476.244659424,99.1372756958,520.15625,202.374313354,0.999539375305,person
4,197,481.911590576,97.6397476196,524.118896484,201.304122925,0.998361885548,person
4,198,483.830169678,92.8854598999,524.100097656,202.206130981,0.947059512138,person
4,199,486.251953125,100.41230011,523.533569336,196.253219604,0.999696493149,person
4,200,489.315216064,101.87033844,528.404174805,195.251205444,0.985844016075,person
4,201,488.176513672,98.1241226196,532.551086426,192.024688721,0.999732911587,person
4,202,489.715789795,100.357635498,535.654602051,195.173812866,0.999931335449,person
4,203,490.311584473,95.35887146,535.511291504,192.865844727,0.999719679356,person
4,204,490.614227295,98.0068206787,531.442565918,190.927383423,0.999848842621,person
4,205,497.38180542,102.327552795,532.958190918,191.135452271,0.999796569347,person
4,206,495.314880371,93.5956268311,541.467590332,190.00352478,0.999713718891,person
4,207,496.085144043,96.2343444824,541.083251953,189.298370361,0.999771773815,person
4,208,497.601043701,97.7129058838,542.527954102,187.605621338,0.999784171581,person
4,209,501.551116943,96.0004882812,541.385864258,188.627746582,0.999720990658,person
4,212,498.505401611,94.7753601074,540.656616211,183.971389771,0.999787986279,person
4,213,497.961029053,97.1771316528,539.680480957,184.293228149,0.999721109867,person
4,215,506.788146973,97.9776077271,535.964904785,183.731430054,0.998479545116,person
4,216,507.831176758,99.4780960083,536.211181641,180.851379395,0.997617065907,person
4,218,507.245178223,98.8972015381,541.630371094,180.872741699,0.997472703457,person
4,219,508.103210449,97.9474563599,541.205566406,180.00289917,0.998670697212,person
4,224,513.000488281,98.3776397705,544.735351562,179.1615448,0.99767190218,person
4,418,508.377929688,99.2016143799,535.85925293,172.22315979,0.996208548546,person
4,420,506.265411377,96.8630065918,534.16394043,174.171295166,0.996230781078,person
4,421,506.24029541,98.0941467285,535.32598877,175.468688965,0.998742759228,person
4,422,508.589111328,95.5557785034,535.882629395,175.199737549,0.999335825443,person
4,423,508.833557129,97.2186126709,537.018859863,174.61277771,0.999444305897,person
4,424,507.564147949,96.5055389404,535.177307129,179.951507568,0.999677062035,person
4,425,505.559020996,96.1384887695,533.995239258,177.471740723,0.999574840069,person
4,426,503.025115967,98.4693984985,533.494140625,176.441848755,0.998533725739,person
4,427,503.118896484,98.7423629761,533.244262695,179.01361084,0.998920440674,person
4,428,504.091796875,95.9451522827,534.112854004,179.102203369,0.999440491199,person
4,429,505.179901123,98.7409362793,533.463989258,179.133560181,0.998571515083,person
4,430,504.766845703,100.490699768,533.522460938,180.24647522,0.996305584908,person
4,431,499.46963501,96.890335083,537.029968262,182.381622314,0.999361455441,person
4,432,498.113037109,99.390411377,535.643432617,180.333831787,0.999056279659,person
4,433,497.504577637,98.9458694458,536.84185791,182.529983521,0.999641060829,person
4,434,498.675170898,96.4031906128,535.299865723,183.348464966,0.999559819698,person
4,435,500.388366699,97.8143539429,530.29309082,186.092544556,0.999455273151,person
4,436,496.955993652,98.6297302246,532.604431152,185.888153076,0.999311208725,person
4,437,491.089385986,97.4992370605,534.574584961,187.198455811,0.999512791634,person
4,438,491.492095947,98.42137146,534.294921875,187.429763794,0.999758899212,person
4,439,492.263885498,100.663406372,538.174865723,190.025970459,0.999843478203,person
4,440,494.337127686,98.8303222656,535.645202637,188.780075073,0.999796926975,person
4,441,493.491607666,99.6605606079,535.377197266,189.143920898,0.99965596199,person
4,442,490.621734619,99.8767700195,532.52331543,190.574813843,0.999791443348,person
4,443,487.797271729,96.6324081421,531.907592773,193.279327393,0.999870419502,person
4,444,487.645294189,100.378509521,530.562438965,194.34197998,0.999826133251,person
4,445,490.271575928,99.3626480103,529.913635254,194.914321899,0.99959820509,person
4,446,491.929321289,96.7621078491,532.243713379,193.820007324,0.999832630157,person
4,447,490.474304199,100.123062134,532.695861816,195.067047119,0.999875545502,person
4,448,490.108428955,97.8812103271,533.019775391,198.377044678,0.9996509552,person
4,449,489.828826904,98.9562988281,534.230834961,197.627792358,0.999828577042,person
4,450,490.12197876,102.019378662,533.960571289,195.392501831,0.999826490879,person
4,451,488.844055176,97.6575469971,532.778503418,195.594009399,0.99968457222,person
4,452,489.734985352,100.813583374,529.542114258,201.501525879,0.999482512474,person
4,453,486.960113525,101.329818726,528.429748535,206.494537354,0.999595463276,person
4,454,486.042266846,97.868850708,525.874145508,207.687713623,0.999753773212,person
4,455,482.891235352,99.361114502,523.752563477,204.677429199,0.997612118721,person
4,456,481.030975342,102.272201538,523.291442871,211.20262146,0.998926818371,person
4,457,484.621276855,96.7969818115,523.507995605,211.699401855,0.998258173466,person
4,458,483.701629639,98.6501464844,524.047058105,216.534637451,0.999694824219,person
4,459,479.790802002,101.691841125,524.630615234,214.239990234,0.999489068985,person
4,460,475.511932373,99.6981658936,521.371765137,215.192581177,0.998938024044,person
4,461,472.177703857,101.045227051,520.479125977,215.838684082,0.998706698418,person
4,462,473.439239502,102.070983887,520.25,217.479797363,0.999686956406,person
4,463,473.672698975,99.577583313,523.148071289,217.123352051,0.999234676361,person
4,464,475.349121094,103.302932739,521.668640137,220.627410889,0.999230146408,person
4,465,475.321350098,103.246894836,520.037231445,223.632995605,0.999844908714,person
4,466,471.63684082,100.380508423,521.891540527,225.460464478,0.999417543411,person
4,467,464.848632812,104.981674194,516.291564941,225.853256226,0.999630451202,person
4,468,466.680023193,102.665275574,513.969970703,228.527130127,0.999302268028,person
4,469,467.162261963,101.492485046,511.710021973,226.947372437,0.998210787773,person
4,470,462.439788818,105.66053009,510.630584717,229.901596069,0.999714791775,person
4,471,455.633056641,103.412162781,507.837341309,232.125610352,0.999895453453,person
4,472,449.838378906,104.474822998,503.309051514,231.646743774,0.999711215496,person
4,473,444.597930908,108.656974792,499.609069824,235.950561523,0.999631047249,person
4,474,444.175140381,105.692909241,500.50088501,235.745910645,0.999368488789,person
4,475,444.764068604,104.969161987,497.764221191,239.875366211,0.999829769135,person
4,476,442.199829102,109.713691711,498.192443848,242.664901733,0.999029874802,person
4,477,439.876403809,105.85282135,497.44329834,242.81590271,0.999468266964,person
4,478,434.997650146,109.623374939,492.99710083,236.668640137,0.999768078327,person
4,479,433.059173584,112.180625916,492.789733887,246.263092041,0.999876141548,person
4,480,434.550231934,108.600593567,492.22555542,248.871688843,0.999789297581,person
4,481,437.132904053,110.576835632,491.34274292,257.31362915,0.999651908875,person
4,482,434.031890869,108.41582489,490.035980225,261.408081055,0.999754726887,person
4,483,429.283935547,103.039733887,487.61517334,265.570617676,0.999661207199,person
4,484,421.68862915,107.132591248,487.049072266,263.479614258,0.99920541048,person
4,485,423.213226318,109.315048218,486.685119629,264.629425049,0.999374687672,person
4,486,428.84664917,104.391479492,488.830718994,268.648071289,0.998009622097,person
4,487,427.492889404,109.115386963,489.717041016,266.038208008,0.998466253281,person
4,488,423.817443848,110.418167114,486.61038208,277.272338867,0.999032139778,person
4,489,416.682495117,105.276664734,484.434844971,273.029510498,0.999603927135,person
4,490,410.874420166,116.396392822,476.749267578,278.744293213,0.998674750328,person
4,491,411.46282959,114.057365417,478.585266113,283.897460938,0.999902486801,person
4,492,412.13571167,111.013198853,475.474578857,284.985046387,0.999683618546,person
4,493,410.944030762,114.351852417,474.780303955,286.336883545,0.999790489674,person
4,494,408.930755615,113.257606506,471.281463623,298.818145752,0.999821841717,person
4,495,402.310272217,111.889541626,475.15838623,302.827728271,0.999891877174,person
4,496,397.937561035,115.353767395,471.366851807,307.956420898,0.999931931496,person
4,497,402.444641113,111.720336914,475.104278564,308.045471191,0.999858856201,person
4,498,403.437713623,113.04611969,468.884429932,312.345458984,0.99977773428,person
4,499,395.545928955,116.066879272,468.845062256,313.163238525,0.999907255173,person
4,500,379.147155762,114.021865845,461.199707031,315.725158691,0.999929189682,person
4,501,371.489807129,116.731163025,458.069641113,311.825836182,0.999928116798,person
4,502,369.010070801,120.744277954,454.996124268,319.035949707,0.999902963638,person
4,503,371.580718994,121.017562866,452.197875977,328.096405029,0.999476969242,person
4,504,365.322784424,125.71031189,441.580963135,328.177734375,0.999909758568,person
4,505,360.780792236,135.16204834,440.828186035,340.525604248,0.999573409557,person
4,506,344.07635498,132.319213867,441.621948242,340.737884521,0.999924063683,person
4,507,340.334106445,135.576889038,438.464324951,344.002746582,0.999935626984,person
4,508,338.606628418,133.828964233,439.566589355,351.22442627,0.999816715717,person
4,509,343.784942627,129.382492065,433.67199707,355.711914062,0.997496545315,person
4,510,345.952178955,136.006378174,429.967895508,351.537231445,0.9998960495,person
4,511,340.915222168,147.932754517,430.415740967,377.517333984,0.999631881714,person
4,512,325.926605225,132.027984619,427.655822754,356.818084717,0.999320030212,person
4,513,314.376068115,148.135528564,426.8125,383.575683594,0.999606668949,person
4,514,313.572265625,142.342483521,426.029937744,393.304016113,0.999285280704,person
4,515,314.48916626,140.13923645,420.651306152,395.150909424,0.999785482883,person
4,516,308.542663574,148.156890869,412.482971191,394.505126953,0.999922633171,person
4,517,293.726348877,149.055175781,404.164520264,415.524780273,0.999769151211,person
4,518,262.199249268,142.275390625,404.962585449,414.71762085,0.999974608421,person
4,519,260.533721924,157.45765686,389.224304199,433.33505249,0.999361217022,person
4,520,246.773742676,148.438034058,380.564056396,448.857391357,0.999929785728,person
4,521,242.827911377,152.50050354,366.264434814,440.476257324,0.999870300293,person
4,522,233.196273804,164.997024536,353.460876465,474.866516113,0.999933242798,person
4,523,209.183685303,162.388580322,346.757476807,472.995147705,0.999961137772,person
4,524,185.370925903,166.182022095,358.639648438,474.321014404,0.999960303307,person
4,525,166.943267822,172.628982544,338.68170166,474.793548584,0.999970078468,person
4,526,175.670684814,167.846496582,322.890014648,472.916564941,0.999876379967,person
4,527,178.78314209,165.715362549,311.386962891,476.745422363,0.999137878418,person
4,528,161.285369873,178.625457764,301.101318359,472.783233643,0.99715167284,person
4,529,136.828262329,174.587036133,305.189697266,476.010955811,0.999958515167,person
4,530,103.165290833,194.315383911,304.022399902,473.032287598,0.999956727028,person
4,531,106.836448669,202.966140747,295.735565186,472.160949707,0.999976277351,person
4,532,108.002914429,187.497314453,284.224517822,480.752624512,0.999970078468,person
4,533,104.57118988,200.684585571,276.712493896,481.74899292,0.999969601631,person
4,534,76.3996887207,213.597640991,270.83493042,478.060180664,0.999577462673,person
4,535,58.3581237793,199.749893188,272.527313232,482.480438232,0.999984741211,person
4,536,33.7688560486,217.89239502,289.607971191,481.207763672,0.999978542328,person
4,537,27.8152046204,219.987823486,277.980041504,481.788299561,0.999967813492,person
4,538,35.7209243774,212.153808594,267.376281738,484.933898926,0.999962687492,person
4,539,33.2649841309,245.695587158,254.400787354,482.923339844,0.999943614006,person
4,540,3.66698503494,249.821609497,238.892471313,472.289398193,0.999954938889,person
4,541,1.58117926121,250.980865479,233.873886108,474.209014893,0.99994468689,person
4,542,5.15160131454,282.756866455,215.578964233,478.538757324,0.999267995358,person
4,543,9.53066539764,279.854492188,208.203445435,481.202819824,0.999532938004,person
4,544,5.40545082092,276.080566406,192.990219116,483.6171875,0.999571859837,person
6,104,12.3069810867,271.650085449,202.826065063,482.50604248,0.999165654182,person
6,105,12.2499465942,254.005996704,265.230438232,486.597747803,0.999899029732,person
6,106,31.9333076477,262.956085205,294.270629883,484.063293457,0.99913662672,person
6,107,52.5035705566,239.003921509,296.730621338,470.163696289,0.999379396439,person
6,108,82.6524505615,222.143157959,289.989959717,476.705993652,0.999933123589,person
6,109,112.330131531,220.76159668,320.336029053,486.437469482,0.999921679497,person
6,110,145.833145142,208.969207764,353.519927979,472.335784912,0.999982237816,person
6,111,162.447158813,199.168899536,388.715820312,482.143005371,0.999975919724,person
6,112,177.48298645,200.205825806,405.702362061,481.780700684,0.99996316433,person
6,113,201.287948608,181.406219482,402.659240723,472.241424561,0.99994122982,person
6,114,216.130722046,185.835083008,390.422698975,483.048980713,0.999919056892,person
6,115,241.69631958,194.626525879,408.649749756,479.505126953,0.999977231026,person
6,116,251.944747925,168.079040527,425.419891357,484.114044189,0.999967217445,person
6,117,250.486450195,166.414733887,444.049926758,480.965301514,0.999955415726,person
6,118,260.494750977,172.307739258,454.638458252,475.354217529,0.999919891357,person
6,119,289.019165039,170.247146606,444.159698486,474.024017334,0.99778431654,person
6,120,299.63861084,170.481140137,451.231750488,462.006958008,0.998893201351,person
6,121,319.921325684,162.184295654,454.81539917,470.463226318,0.996524035931,person
6,122,316.11831665,152.728790283,468.41217041,481.805541992,0.999876499176,person
6,123,316.177276611,158.223480225,473.721801758,479.403137207,0.999826848507,person
6,124,326.594573975,158.101196289,469.828735352,475.741546631,0.999841213226,person
6,125,336.563842773,144.061523438,463.493560791,458.308013916,0.99986577034,person
6,126,348.012512207,155.178024292,470.899902344,452.684356689,0.999759972095,person
6,127,366.916137695,142.33921814,482.221740723,425.552978516,0.999917507172,person
6,128,364.07244873,133.743103027,494.038269043,418.807769775,0.999951243401,person
6,129,372.724517822,142.810882568,502.841796875,431.702606201,0.999802172184,person
6,130,385.621185303,129.277099609,501.268615723,408.880187988,0.999919652939,person
6,131,391.100952148,134.732467651,505.664245605,401.62109375,0.999959230423,person
6,132,399.18270874,142.9921875,506.193939209,393.097259521,0.999937057495,person
6,133,408.282592773,132.577453613,509.500274658,384.083984375,0.999815642834,person
6,134,409.230255127,136.430511475,521.272644043,389.759735107,0.999935269356,person
6,135,411.259216309,140.607910156,521.044494629,384.983581543,0.999941110611,person
6,136,412.338897705,125.088401794,507.604980469,361.581604004,0.999609053135,person
6,137,415.510314941,126.790405273,504.931335449,358.665496826,0.999429404736,person
6,138,421.745605469,131.27885437,511.224090576,356.737457275,0.901646792889,person
6,139,418.237609863,123.464515686,512.047424316,351.034240723,0.999873995781,person
6,140,412.514465332,129.097503662,507.635620117,349.424285889,0.999711811543,person
6,141,414.625915527,130.65397644,504.684448242,345.351104736,0.99944370985,person
6,142,417.359008789,127.544219971,501.393829346,346.238586426,0.999555647373,person
6,143,415.679840088,129.172592163,502.146789551,334.425018311,0.999754965305,person
6,144,413.805999756,128.843582153,498.92855835,341.923706055,0.998977780342,person
6,145,411.764068604,117.168838501,496.476928711,316.74005127,0.999884009361,person
6,146,410.74319458,122.369499207,496.53515625,313.999023438,0.999923825264,person
6,147,411.35925293,119.369804382,497.078704834,311.078521729,0.999902009964,person
6,148,417.126342773,117.631401062,497.612091064,309.161743164,0.999701440334,person
6,149,422.4737854,119.487167358,497.635559082,308.60168457,0.99987745285,person
6,150,429.631774902,123.69065094,504.261260986,303.955444336,0.998234391212,person
6,151,434.185272217,121.713668823,504.217559814,302.349578857,0.999798834324,person
6,152,433.224731445,124.364433289,505.362457275,301.339752197,0.999512553215,person
6,153,435.960388184,117.130729675,500.431762695,295.758789062,0.999744832516,person
6,154,434.337524414,115.848182678,506.083740234,290.718444824,0.999980807304,person
6,155,436.288543701,117.681762695,508.513427734,282.842437744,0.999963998795,person
6,156,438.104125977,115.16771698,506.828063965,277.559417725,0.999555647373,person
6,157,438.754150391,119.629852295,506.840820312,279.399078369,0.89223408699,person
6,157,439.074005127,126.187316895,499.361572266,271.33972168,0.597908735275,dog
6,158,438.589447021,119.554664612,503.63494873,281.336669922,0.932706475258,dog
6,159,437.636016846,115.410102844,503.363372803,274.778900146,0.666283905506,dog
6,160,437.910400391,115.061447144,504.079589844,273.881378174,0.85873323679,person
6,161,439.974639893,118.269134521,500.050445557,268.629394531,0.985417842865,person
6,162,432.897338867,107.147171021,495.889160156,264.729156494,0.722497165203,dog
6,163,429.612548828,107.583190918,494.864074707,264.400238037,0.996384501457,person
6,164,428.499023438,105.068954468,493.82623291,265.40020752,0.995932996273,person
6,165,429.176757812,105.044692993,489.98336792,262.588256836,0.999037981033,person
6,166,432.754089355,110.355361938,486.642242432,258.885009766,0.991689562798,person
6,167,434.526885986,110.966583252,490.165405273,257.399627686,0.999630212784,person
6,168,433.080627441,109.428283691,491.985656738,258.45614624,0.998737633228,person
6,169,432.562194824,113.372093201,493.570007324,254.573074341,0.99844545126,person
6,170,434.06338501,106.923744202,494.823791504,245.338897705,0.964362919331,person
6,171,441.711578369,106.385314941,496.930114746,243.58380127,0.999887108803,person
6,172,441.704040527,107.46900177,499.997650146,241.228729248,0.999870181084,person
6,173,442.929016113,103.742759705,500.122680664,237.576858521,0.999896407127,person
6,174,444.140930176,106.812484741,500.038604736,239.266189575,0.999738156796,person
6,175,444.793243408,107.112442017,499.626525879,237.010437012,0.999713599682,person
6,176,445.005950928,102.705177307,499.939910889,235.971084595,0.999851226807,person
6,177,450.336029053,104.750305176,502.642791748,234.557891846,0.999940752983,person
6,178,452.660064697,107.844329834,504.680236816,230.504470825,0.999665975571,person
6,179,454.009155273,102.42199707,504.994384766,229.182769775,0.999586284161,person
6,180,451.802276611,108.73033905,506.807128906,228.58795166,0.999546587467,person
6,181,450.799224854,103.179229736,506.522827148,228.742553711,0.999930500984,person
6,182,453.823699951,99.2999343872,502.274108887,220.362808228,0.999840736389,person
6,183,454.447570801,105.202407837,504.53137207,224.219039917,0.99988424778,person
6,184,458.013458252,100.57421875,503.062988281,217.569320679,0.998873770237,person
6,185,458.463378906,99.7308959961,503.840637207,217.385040283,0.996883451939,person
6,186,459.704284668,102.897079468,503.89050293,214.929763794,0.997965812683,person
6,187,458.845336914,99.0239028931,502.70425415,216.24961853,0.998782336712,person
6,188,462.100036621,99.9948043823,505.755859375,216.179733276,0.999864697456,person
6,189,464.152893066,101.726783752,506.978759766,213.552581787,0.999083042145,person
6,190,463.767333984,100.309173584,508.773162842,212.889282227,0.999868392944,person
6,191,460.731079102,101.223846436,509.636505127,213.516479492,0.999605119228,person
6,192,465.007141113,99.493812561,510.971343994,213.932067871,0.999677658081,person
6,193,466.215301514,99.8876876831,510.075531006,213.177444458,0.99986243248,person
6,194,470.008117676,102.271644592,510.428405762,211.451309204,0.999057114124,person
6,195,474.777832031,98.9968490601,514.550415039,201.399627686,0.999347507954,person
6,196,475.230834961,99.4452285767,521.383300781,200.840576172,0.999640226364,person
6,197,478.547729492,96.1763839722,520.001647949,204.925201416,0.998457670212,person
6,198,481.737426758,96.5994262695,525.200195312,200.919204712,0.541652202606,person
6,199,484.202514648,98.0463485718,525.229980469,198.203475952,0.999287545681,person
6,200,486.537567139,98.7982635498,528.739074707,196.456436157,0.997606039047,person
6,201,488.041992188,95.5529251099,531.98059082,192.613586426,0.999336898327,person
6,202,488.085296631,100.112182617,533.782653809,191.723419189,0.999406337738,person
6,203,489.323425293,97.9435577393,533.905944824,192.684631348,0.999678015709,person
6,204,489.478607178,95.7344360352,532.365112305,192.737182617,0.99952685833,person
6,205,494.358215332,97.9794387817,534.832885742,190.335723877,0.999840974808,person
6,206,497.063415527,97.3489837646,538.229064941,187.085998535,0.999393105507,person
6,207,497.091491699,97.6544799805,540.185546875,187.870346069,0.999853849411,person
6,208,496.683868408,99.0619354248,542.205444336,189.040344238,0.999858736992,person
6,209,498.541412354,98.153968811,541.13873291,186.920593262,0.999718606472,person
6,210,501.522613525,99.0666351318,536.276306152,185.767181396,0.99735802412,person
6,211,501.512908936,99.6608734131,536.911560059,184.170257568,0.995533585548,person
6,212,501.27633667,98.025100708,538.950866699,183.053833008,0.998736321926,person
6,213,499.466918945,100.275924683,538.623291016,181.838302612,0.999211549759,person
6,214,500.533752441,98.862449646,537.863464355,183.298477173,0.999022245407,person
6,215,505.237579346,99.0767593384,536.669189453,181.706420898,0.997161507607,person
6,216,506.315307617,99.524810791,537.156066895,182.174331665,0.998926103115,person
6,217,507.118988037,100.125793457,539.040039062,178.079650879,0.953984737396,person
6,218,506.471191406,98.5636291504,542.271850586,180.843399048,0.99767011404,person
6,219,507.664672852,99.789352417,543.899658203,179.156265259,0.993610084057,person
6,220,507.844604492,97.1115036011,541.387878418,181.738555908,0.602411687374,person
6,221,507.97253418,99.3851547241,541.440368652,179.316009521,0.511255860329,dog
6,222,509.844970703,102.3228302,540.829162598,176.416870117,0.687257349491,person
6,222,513.266662598,99.0719528198,541.928955078,179.503707886,0.344932734966,dog
6,223,512.730957031,97.6168212891,542.979614258,177.916259766,0.996633470058,person
6,224,512.449035645,97.263053894,544.470092773,176.900146484,0.983449876308,person
6,225,514.819091797,100.908088684,546.05871582,175.869903564,0.563551485538,dog
6,226,516.979248047,100.421005249,546.475158691,171.706893921,0.778499245644,dog
6,227,519.114257812,100.153038025,546.099243164,173.150863647,0.488983392715,dog
6,228,520.375,99.78565979,548.617248535,174.972702026,0.493240207434,dog
6,229,520.157470703,97.0948410034,549.057128906,170.968444824,0.99666851759,person
6,230,518.416870117,99.2040557861,552.228393555,169.566146851,0.998174905777,person
6,231,520.887023926,95.1619110107,551.97088623,173.132247925,0.99866604805,person
6,232,523.049194336,97.7986907959,549.097106934,172.013168335,0.938519120216,person
6,233,523.543212891,100.104934692,550.298828125,169.861190796,0.602336585522,fire hydrant
6,234,523.822998047,99.5054092407,552.657592773,168.392807007,0.792997121811,person
6,235,523.272094727,98.2914810181,553.398498535,170.773773193,0.965217649937,person
6,241,530.2109375,90.0679473877,558.380371094,164.190795898,0.998803973198,person
6,244,533.578552246,99.6160812378,559.545654297,164.485244751,0.998162329197,person
6,247,533.725646973,93.4108047485,559.59576416,160.432632446,0.999405741692,person
6,248,534.804138184,92.61302948,560.935546875,160.481964111,0.997079610825,person
6,249,534.992126465,96.4169540405,561.475830078,158.025436401,0.994103372097,person
6,250,536.176818848,96.8228607178,561.977233887,157.670013428,0.996549367905,person
6,252,537.774902344,96.2484970093,564.274291992,154.932235718,0.971428215504,person
6,258,536.40020752,94.2024612427,563.896606445,158.168609619,0.998230755329,person
6,261,536.952636719,92.4477386475,563.979309082,161.552246094,0.994313359261,person
6,262,539.181030273,90.1655578613,563.638366699,159.264755249,0.999484062195,person
6,268,548.123413086,90.9358139038,571.379882812,153.685333252,0.999467670918,person
6,269,548.516662598,92.2139053345,571.930297852,153.982788086,0.999482631683,person
6,270,549.478515625,91.3016662598,573.093139648,152.682342529,0.997421979904,person
6,375,533.783508301,92.1484680176,558.16583252,152.612243652,0.999700188637,person
6,383,526.49420166,91.4974060059,549.678466797,155.387985229,0.99961912632,person
6,384,524.949523926,92.1946029663,549.743774414,155.168502808,0.997879862785,person
6,385,523.495422363,92.7375869751,548.462524414,154.977203369,0.999442636967,person
6,386,521.881958008,95.3478317261,547.916564941,154.04498291,0.999191343784,person
6,387,521.808105469,93.7494812012,545.227050781,153.889907837,0.989546358585,person
6,391,518.666625977,90.5812301636,545.269714355,156.05696106,0.998952269554,person
6,392,517.324462891,92.0554580688,544.091125488,156.270950317,0.999559223652,person
6,393,518.465332031,91.8167266846,542.263366699,154.697296143,0.999246954918,person
6,394,518.029846191,89.5034484863,542.451843262,156.004638672,0.999421358109,person
6,395,517.890808105,95.1658935547,541.376647949,155.937606812,0.995477735996,person
6,396,516.930358887,92.908416748,541.325317383,161.515823364,0.991233885288,person
6,397,514.118041992,92.2340621948,541.970825195,160.393188477,0.994493365288,person
6,398,514.29699707,96.2969055176,541.804199219,162.947998047,0.999677181244,person
6,399,515.098022461,92.9067764282,541.334411621,160.25970459,0.998481810093,person
6,401,516.373291016,94.1804656982,541.335510254,159.962356567,0.999471008778,person
6,402,515.877685547,95.9205322266,542.115661621,163.072753906,0.999707400799,person
6,404,515.609924316,94.5619354248,542.218322754,163.561126709,0.999234199524,person
6,406,516.373901367,92.7153091431,544.426086426,165.963256836,0.999296426773,person
6,407,514.947753906,95.9409103394,541.667419434,163.841217041,0.881741762161,dog
6,409,509.114227295,99.396736145,540.071594238,165.888214111,0.605677723885,dog
6,410,508.376617432,102.707687378,538.972473145,165.736663818,0.642017841339,dog
6,411,512.433654785,98.7859573364,539.718200684,169.068069458,0.756726384163,person
6,412,514.23034668,100.392944336,540.087097168,168.886306763,0.734541118145,fire hydrant
6,412,510.623077393,100.073295593,538.916564941,170.152923584,0.534676134586,person
6,413,511.12411499,98.0539245605,540.197814941,171.56980896,0.999156475067,person
6,414,508.508850098,97.1809768677,537.61529541,173.069046021,0.996189296246,person
6,415,506.916748047,99.3921051025,538.184997559,172.816604614,0.999366104603,person
6,416,507.282318115,97.8628005981,536.70489502,172.734420776,0.979510605335,person
6,417,508.674163818,95.9069442749,536.624145508,173.274139404,0.994221746922,person
6,418,508.434997559,98.0636444092,537.126586914,172.492218018,0.998942196369,person
6,419,506.567626953,97.6002960205,535.885009766,173.887145996,0.999644398689,person
6,420,504.766937256,96.2983551025,535.356445312,173.110641479,0.997738718987,person
6,421,504.351898193,98.1099243164,536.444091797,173.989257812,0.9990041852,person
6,422,506.933380127,96.2175064087,537.34362793,174.515228271,0.995799601078,person
6,423,507.329589844,95.6667327881,539.290039062,176.067153931,0.999212741852,person
6,424,506.865631104,97.4749221802,537.055603027,176.743972778,0.999617695808,person
6,425,501.433959961,96.3101882935,536.679077148,177.422683716,0.999706208706,person
6,426,499.902740479,95.2028121948,534.866638184,176.58543396,0.998745560646,person
6,427,499.527648926,98.3353347778,535.396972656,179.484054565,0.999472081661,person
6,428,500.858764648,96.5478897095,536.352355957,177.982543945,0.999586880207,person
6,429,500.993682861,97.0889663696,535.608459473,178.675582886,0.999278247356,person
6,430,500.369537354,99.1170806885,536.201293945,179.358932495,0.997976362705,person
6,431,499.596862793,97.1596908569,536.647827148,182.12802124,0.999246835709,person
6,432,498.477935791,98.7050247192,536.844604492,180.876022339,0.998470842838,person
6,433,497.898773193,99.9620895386,535.975036621,182.161026001,0.999776422977,person
6,434,498.550933838,97.6673812866,536.122314453,182.865539551,0.999586284161,person
6,435,497.11138916,98.2105712891,534.264282227,183.985992432,0.999138355255,person
6,436,497.347686768,99.6819915771,532.451782227,186.259368896,0.999758541584,person
6,437,494.567626953,97.4306793213,533.165283203,184.8409729,0.999711930752,person
6,438,490.725799561,97.3260116577,533.283874512,187.645462036,0.999587595463,person
6,439,492.167510986,98.5835266113,534.805969238,188.724960327,0.999903202057,person
6,440,494.836547852,97.5150680542,536.737243652,188.803955078,0.999850988388,person
6,441,494.028381348,97.5678710938,535.702087402,187.869903564,0.999817550182,person
6,442,492.224395752,99.9750747681,533.003479004,190.440048218,0.99982303381,person
6,443,488.030853271,94.9525604248,531.964782715,191.647033691,0.999733388424,person
6,444,487.732025146,98.3750686646,530.304504395,193.246963501,0.999671936035,person
6,445,487.434783936,97.7134017944,531.344543457,192.424484253,0.999752342701,person
6,446,491.276062012,98.1949768066,532.409545898,190.68913269,0.999764144421,person
6,447,491.75289917,98.6763916016,533.664367676,194.160110474,0.999697089195,person
6,448,489.567352295,97.8922576904,533.407897949,197.26210022,0.999396920204,person
6,449,489.424743652,97.1624526978,532.824645996,199.071243286,0.999501824379,person
6,450,489.498504639,98.3133926392,533.728881836,201.846862793,0.999428808689,person
6,451,489.590301514,99.3482818604,533.222595215,197.325042725,0.999767959118,person
6,452,488.845672607,97.833770752,529.401123047,202.093490601,0.999214291573,person
6,453,487.037567139,101.827987671,528.789794922,204.332809448,0.998353004456,person
6,454,483.571289062,97.5357589722,527.711730957,205.741378784,0.998976230621,person
6,455,482.951202393,97.8381576538,523.717773438,202.196914673,0.998356163502,person
6,456,479.708648682,103.002578735,521.431030273,209.221588135,0.9992415905,person
6,457,482.470184326,98.7751922607,524.883300781,209.393096924,0.995099842548,person
6,458,482.436279297,98.3227615356,524.329101562,214.651535034,0.997959971428,person
6,459,480.970031738,100.733505249,524.330749512,214.25,0.998313188553,person
6,460,474.481567383,100.295852661,522.499572754,214.41796875,0.999147772789,person
6,461,472.437561035,100.681991577,520.509399414,212.424499512,0.99923324585,person
6,462,470.038970947,100.909896851,517.727172852,215.19178772,0.999089479446,person
6,463,473.429534912,99.3096008301,522.637390137,216.419006348,0.999060451984,person
6,464,474.321075439,100.027488708,522.922424316,217.058242798,0.998314023018,person
6,465,473.144378662,101.423095703,522.482727051,222.638793945,0.99954020977,person
6,466,472.405151367,100.8307724,521.929992676,223.325866699,0.999690294266,person
6,467,465.759918213,102.378662109,518.140563965,224.10848999,0.999289631844,person
6,468,465.622955322,104.873664856,515.051696777,225.043701172,0.999638795853,person
6,469,466.125854492,99.3061294556,513.853759766,225.611495972,0.999539494514,person
6,470,463.285827637,102.9974823,512.607421875,228.302780151,0.999617576599,person
6,471,457.49798584,107.03868103,509.5262146,232.036529541,0.99991440773,person
6,472,450.603729248,101.817771912,507.188903809,232.396453857,0.999514937401,person
6,473,443.603393555,106.93637085,499.832092285,233.883453369,0.999730527401,person
6,474,443.917602539,105.795692444,499.713317871,238.738372803,0.999466955662,person
6,475,444.794494629,102.731010437,498.398590088,238.946151733,0.999669075012,person
6,476,443.389709473,108.337547302,497.535003662,238.203048706,0.999698758125,person
6,477,442.045043945,106.467605591,495.959411621,242.505996704,0.999763667583,person
6,478,436.627532959,105.692306519,493.171295166,242.050445557,0.999842405319,person
6,479,433.303955078,117.116340637,492.518890381,247.500793457,0.999707520008,person
6,480,434.747711182,106.394638062,492.294158936,248.060424805,0.999725282192,person
6,481,435.310150146,109.059051514,490.912872314,257.640411377,0.999812304974,person
6,482,435.458984375,110.82775116,489.363250732,258.582183838,0.999467909336,person
6,483,428.065460205,105.081924438,488.862518311,262.434539795,0.999551832676,person
6,484,424.671325684,104.353004456,487.155761719,265.235443115,0.999300837517,person
6,485,421.098693848,108.735038757,486.567474365,262.598602295,0.998680055141,person
6,486,426.32333374,105.2940979,488.875640869,266.261199951,0.997017502785,person
6,487,426.183319092,104.496635437,487.481201172,267.657562256,0.998425722122,person
6,488,424.075836182,112.247711182,486.953643799,271.959777832,0.998653650284,person
6,489,417.318511963,106.710281372,483.859863281,270.719726562,0.99930870533,person
6,490,410.492980957,111.375244141,478.915710449,276.019805908,0.999813973904,person
6,491,411.960571289,117.620628357,475.826202393,280.792175293,0.999942183495,person
6,492,412.025939941,108.651138306,476.873687744,282.218536377,0.999866008759,person
6,493,411.823242188,112.702209473,473.919891357,284.269165039,0.999780714512,person
6,494,411.996185303,114.849189758,472.777435303,294.394317627,0.999866843224,person
6,495,405.454162598,109.772293091,476.341705322,293.661956787,0.999960541725,person
6,496,397.800018311,117.00328064,471.382049561,304.929931641,0.999960422516,person
6,497,401.04586792,114.148284912,475.435791016,304.571960449,0.999932765961,person
6,498,404.947387695,112.150733948,473.483276367,309.153717041,0.999772489071,person
6,499,397.901000977,118.073898315,468.727111816,309.302825928,0.999905586243,person
6,500,384.405059814,118.091270447,463.927886963,310.180999756,0.999833226204,person
6,501,372.688964844,117.714622498,458.102844238,309.849914551,0.999884486198,person
6,502,368.046630859,122.498474121,455.866485596,314.259735107,0.999862790108,person
6,503,369.433776855,121.325653076,451.232055664,316.955932617,0.999814808369,person
6,504,365.694519043,122.551506042,442.702148438,313.418060303,0.999916195869,person
6,505,362.755767822,137.40788269,440.769348145,337.269012451,0.99992787838,person
6,506,354.331665039,133.128677368,441.382171631,340.824249268,0.999948978424,person
6,507,340.865203857,130.193328857,441.503875732,344.918823242,0.999973297119,person
6,508,336.668212891,130.742553711,441.574554443,352.922210693,0.999832510948,person
6,509,342.517547607,129.741821289,435.4034729,353.723815918,0.999855995178,person
6,510,344.898895264,130.581665039,432.60824585,354.548614502,0.99994456768,person
6,511,343.952301025,137.996017456,430.423126221,370.262634277,0.999646186829,person
6,512,328.718292236,133.360824585,427.643432617,355.836486816,0.999812543392,person
6,513,313.954101562,136.967941284,428.557739258,357.150756836,0.999557316303,person
6,514,313.083068848,135.760269165,426.202636719,399.955169678,0.99979108572,person
6,515,316.943328857,137.77734375,423.594665527,395.279510498,0.999303340912,person
6,516,312.851531982,144.367126465,418.499359131,394.737609863,0.999160408974,person
6,518,277.697753906,140.475250244,401.685943604,421.423065186,0.999888062477,person
6,519,249.75567627,145.946258545,398.851959229,427.204681396,0.999777257442,person
6,520,233.687652588,145.232147217,391.30557251,448.124786377,0.99974578619,person
6,521,248.361740112,145.241638184,370.357879639,436.903961182,0.999713122845,person
6,522,238.529922485,169.871017456,355.825866699,449.95425415,0.99965429306,person
6,524,195.746490479,158.8175354,348.458679199,474.163146973,0.999948501587,person
6,525,173.368896484,173.753753662,344.864532471,470.774902344,0.999864816666,person
6,526,174.045425415,174.992050171,331.845245361,471.773681641,0.999734938145,person
6,529,147.407958984,179.740112305,305.842559814,473.643615723,0.999667406082,person
6,530,112.798194885,173.613861084,307.132446289,475.239929199,0.999961614609,person
6,531,100.788253784,197.026947021,299.254669189,473.49017334,0.999609172344,person
6,532,113.73752594,188.261505127,283.325775146,478.081329346,0.999167919159,person
6,533,107.567611694,189.342697144,275.137359619,479.69708252,0.999874830246,person
6,534,92.8723373413,208.371627808,271.531921387,482.899200439,0.998643934727,person
6,535,69.4873733521,207.399917603,265.90713501,479.764648438,0.999891757965,person
6,536,43.5163192749,207.723388672,284.225219727,483.110626221,0.999948143959,person
6,537,30.9344768524,219.54888916,277.547393799,479.962219238,0.99997651577,person
6,538,36.4640693665,211.647537231,285.232391357,485.200469971,0.999989151955,person
6,539,32.7538642883,237.666809082,261.979644775,470.870727539,0.999914884567,person
6,540,8.85774421692,253.46295166,244.852203369,477.254089355,0.999957680702,person
6,541,0.996556043625,245.479858398,232.205963135,477.014678955,0.99984896183,person
6,542,2.21979784966,256.883483887,222.52671814,485.364471436,0.999824106693,person
6,543,9.04099655151,285.371032715,205.699493408,480.631256104,0.99955290556,person
6,544,6.76837873459,268.721710205,196.786117554,489.43057251,0.999545514584,person
